0 2.0
1 0.0
2 1.2
3 35.4
4 24.8
5 25.2
6 64.6
7 27.1
8 6.2
9 1.2
10 6.3
11 3.6
12 6.3
13 14.7
14 49.4
15 26.5
16 24.9
17 23.8
18 16.9
19 0.0
20 0.0
21 6.2
22 24.4
23 28.2
24 6.2
25 32.6
26 73.4
27 29.1
28 48.7
29 56.0
30 30.0
31 60.5
32 53.7
33 35.5
34 73.0
35 100.0
36 25.7
37 36.3
38 25.0
39 56.8
40 19.5
41 36.4
42 19.6
43 0.4
44 12.7
45 28.8
46 28.3
47 18.0
48 31.8
49 6.2
50 3.5
51 15.6
52 20.9
53 38.6
54 29.3
55 16.3
56 30.0
57 24.3
58 24.3
59 27.7
60 18.8
61 28.4
62 12.2
63 28.4
64 33.3
65 18.4
66 25.6
67 20.2
68 10.5
69 27.6
70 28.0
71 29.2
72 45.5
73 27.5
74 27.9
75 17.5
76 19.8
77 21.8
78 61.4
79 23.1
80 10.2
81 1.6
82 3.5
83 20.8
84 30.1
85 8.2
86 45.1
87 25.8
