0 60.2
1 60.2
2 60.3
3 60.4
4 60.3
5 60.5
6 61.3
7 61.3
8 61.2
9 61.1
10 61.2
11 61.1
12 61.1
13 61.1
14 63.5
15 63.5
16 63.4
17 63.4
18 63.5
19 63.5
20 63.6
21 63.6
22 63.6
23 63.2
24 63.2
25 63.9
26 65.1
27 65.2
28 65.6
29 65.7
30 65.8
31 64.8
32 63.7
33 63.9
34 65.4
35 65.8
36 65.8
37 65.8
38 65.8
39 64.2
40 64.0
41 63.6
42 63.5
43 63.4
44 63.4
45 63.3
46 63.4
47 63.1
48 63.1
49 63.0
50 63.0
51 63.0
52 63.1
53 62.9
54 63.0
55 62.8
56 63.0
57 62.9
58 63.0
59 62.8
60 62.8
61 62.8
62 63.0
63 62.8
64 62.9
65 62.9
66 62.9
67 62.9
68 63.0
69 63.0
70 63.0
71 63.0
72 62.8
73 62.7
74 62.9
75 62.9
76 62.8
77 62.9
78 62.9
79 62.9
80 62.9
81 62.9
82 62.9
83 63.0
84 63.1
85 63.1
86 62.9
87 62.9
