0 15.6
1 0.0
2 0.4
3 0.4
4 0.4
5 0.0
6 0.0
7 0.0
8 0.0
9 0.0
10 0.0
11 0.0
12 0.0
13 0.0
14 0.0
15 0.0
16 0.0
17 0.0
18 0.0
19 0.0
20 6.2
21 2.0
22 0.0
23 0.0
24 0.4
25 0.4
26 0.4
27 0.0
28 0.8
29 1.2
30 0.0
31 0.4
32 0.0
33 0.0
34 0.0
35 0.0
36 0.0
37 4.7
38 3.8
39 0.0
40 0.0
41 0.0
42 1.9
43 0.0
44 0.8
45 0.0
46 0.0
47 24.6
48 10.2
49 0.0
50 0.0
51 0.0
52 1.2
53 0.4
54 0.0
55 0.0
56 1.6
57 0.0
58 0.0
59 0.8
60 0.8
61 0.0
62 0.0
63 4.3
64 0.0
65 0.0
66 0.0
67 0.0
68 0.0
69 1.2
70 0.0
71 1.6
72 0.0
73 0.4
74 0.0
75 0.0
76 0.8
77 0.4
78 0.0
79 0.0
80 0.0
81 0.0
82 0.0
83 0.0
84 0.0
85 0.0
86 20.4
87 0.0
88 0.0
89 0.0
90 0.0
91 0.0
92 0.0
93 4.3
94 0.0
95 0.0
96 0.0
97 0.0
98 0.0
99 0.0
100 0.0
101 0.4
102 0.0
103 0.0
104 0.0
105 0.0
106 0.0
107 0.0
108 0.0
109 0.0
110 0.8
111 0.0
112 0.0
113 0.0
114 0.0
115 0.4
116 0.0
117 0.0
118 0.0
119 0.0
120 0.4
121 0.0
122 1.6
123 0.0
124 0.0
125 0.4
126 0.8
127 0.4
128 0.0
129 0.0
130 0.0
131 0.0
132 1.2
133 0.8
134 0.0
135 0.0
136 0.0
137 0.0
138 0.0
139 0.0
140 0.0
141 0.0
142 0.0
143 0.0
144 0.0
145 0.0
146 0.0
147 0.0
148 0.0
149 0.0
150 0.8
151 0.0
152 0.0
153 0.0
154 0.0
155 0.0
156 0.4
157 0.0
158 0.0
159 0.0
160 0.0
161 0.0
162 0.0
163 1.5
164 0.0
165 0.0
166 0.0
167 0.4
168 0.0
169 0.0
170 0.0
171 0.0
172 0.0
173 1.2
174 0.4
175 0.0
176 0.0
177 0.0
178 1.2
179 0.8
180 1.2
181 1.5
182 0.0
183 0.0
184 0.0
185 0.8
186 0.0
187 0.0
188 4.7
189 100.0
190 100.0
191 100.0
192 99.6
193 90.5
194 79.0
195 52.3
196 60.6
197 73.0
198 46.6
199 57.8
200 60.6
201 61.4
202 57.9
203 57.4
204 73.5
205 79.5
206 66.4
207 40.0
208 66.3
209 68.5
210 70.7
211 43.1
212 49.2
213 41.1
214 37.3
215 42.8
216 19.9
217 27.6
218 50.8
219 39.7
220 36.1
221 47.9
222 30.0
223 45.2
224 44.5
225 42.8
226 47.9
227 17.1
228 46.7
229 46.2
230 47.3
231 44.0
232 45.3
233 40.8
234 42.4
235 46.9
236 43.4
237 47.1
238 27.2
239 38.5
240 30.4
241 39.8
242 37.0
243 51.5
244 49.1
245 45.6
246 43.2
247 43.6
248 50.2
249 45.3
250 41.0
251 30.5
252 43.6
253 44.8
254 45.8
255 48.2
256 38.2
257 49.8
258 49.2
259 46.7
260 31.8
261 34.0
262 18.8
263 23.5
264 28.1
265 19.0
266 0.4
267 4.3
268 0.4
269 2.3
270 0.0
271 0.0
272 0.4
273 0.0
274 0.0
275 0.4
276 2.3
277 0.0
278 0.0
279 0.0
280 0.8
281 0.0
282 0.0
283 0.0
284 0.0
285 1.2
286 3.5
287 9.8
288 0.0
289 0.0
290 2.3
291 0.0
292 1.6
293 0.0
294 0.0
295 0.0
296 0.4
297 0.8
298 0.0
299 0.0
300 8.2
301 0.0
302 0.0
303 0.4
304 0.0
305 0.0
306 0.0
307 0.0
308 0.0
309 0.8
310 1.2
311 0.0
312 0.0
313 0.4
314 0.0
315 0.0
316 0.0
317 0.0
318 0.0
319 0.0
320 0.0
321 0.4
322 1.6
323 0.0
324 0.0
325 0.0
326 0.0
327 0.4
328 0.0
329 0.8
330 0.0
331 0.0
332 0.0
333 0.0
334 0.0
335 23.4
336 20.3
337 20.5
338 9.8
339 14.5
340 8.9
341 5.4
342 1.9
343 3.1
344 2.7
345 0.8
346 2.0
347 0.0
348 0.0
349 0.0
350 0.0
351 0.0
352 0.0
353 0.0
354 0.0
355 0.8
356 0.0
357 0.8
358 0.0
359 0.0
360 0.0
361 0.0
362 0.0
363 0.0
364 0.8
365 0.0
366 0.0
367 0.0
368 0.0
369 0.4
370 0.0
371 0.0
372 0.0
373 0.0
374 0.0
375 0.0
376 0.4
377 0.0
378 0.0
379 1.2
380 0.0
381 0.0
382 0.0
383 0.0
384 0.0
385 0.0
386 1.2
387 0.0
388 4.3
389 0.0
390 0.0
391 0.0
392 0.8
393 0.0
394 0.4
395 0.4
396 0.0
397 0.0
398 0.0
399 0.0
400 0.4
401 0.0
402 1.2
403 0.0
404 0.8
405 0.0
406 0.0
407 0.0
408 0.0
409 0.0
410 0.0
411 0.0
412 0.0
413 0.0
414 0.0
415 0.8
416 1.9
417 0.8
418 0.4
419 0.4
420 0.0
421 0.0
422 0.0
423 0.0
424 0.0
425 0.0
426 0.0
427 0.0
428 0.0
429 0.0
430 1.6
431 0.0
432 0.8
433 13.2
434 0.0
435 0.0
436 0.0
437 0.0
438 0.0
439 0.0
440 0.0
441 0.0
442 0.0
443 0.8
444 0.0
445 0.0
446 0.0
447 0.0
448 0.0
449 0.4
450 0.0
451 0.4
452 0.0
453 0.0
454 0.0
455 0.8
456 0.0
457 0.0
458 0.0
459 0.0
460 0.0
461 3.5
462 0.0
463 0.0
464 39.3
465 35.2
466 4.7
467 0.4
468 0.0
469 0.4
470 0.0
471 0.0
472 0.0
473 0.0
474 0.0
475 0.8
476 0.0
477 0.0
478 0.0
479 0.0
480 0.0
481 2.8
482 0.0
483 0.0
484 0.0
485 1.6
486 0.4
487 0.4
488 0.0
489 1.6
490 0.0
491 0.4
492 0.8
493 0.0
494 0.0
495 0.0
496 2.3
497 0.0
498 0.4
499 0.0
500 0.4
501 0.0
502 0.0
503 0.0
504 0.0
505 0.0
506 0.0
507 0.0
508 0.0
509 0.0
510 3.9
511 0.8
512 0.0
513 0.4
514 0.0
515 0.4
516 0.0
517 0.0
518 5.4
519 19.4
520 17.8
521 28.0
522 18.1
