0 23.3
1 18.5
2 15.2
3 14.5
4 15.4
5 18.6
6 14.8
7 15.2
8 14.3
9 19.2
10 16.2
11 15.8
12 15.8
13 15.5
14 18.8
15 14.5
16 16.8
17 15.4
18 14.4
19 11.6
20 16.3
21 19.9
22 14.7
23 15.4
24 19.4
25 20.6
26 15.8
27 16.0
28 15.3
29 13.9
30 8.1
31 14.5
32 15.4
33 17.8
34 18.0
35 14.7
36 14.8
37 17.4
38 17.4
39 15.5
40 13.9
41 10.9
42 17.0
43 23.3
44 15.8
45 24.9
46 13.9
47 17.6
48 17.8
49 35.8
50 28.6
51 56.2
52 35.0
53 38.8
54 18.9
55 54.7
56 34.2
57 48.4
58 43.2
59 37.8
60 13.2
61 15.5
62 16.7
63 13.0
64 15.8
65 15.8
66 18.0
67 17.2
68 16.7
69 14.8
70 16.5
71 15.8
72 13.6
73 15.7
74 10.9
75 19.5
76 13.6
77 16.5
78 13.3
79 13.0
80 16.3
81 17.3
82 15.8
83 16.4
84 16.0
85 9.0
86 11.3
87 16.8
88 14.3
89 14.7
90 16.9
91 19.5
92 18.1
93 13.8
94 11.7
95 14.3
96 17.4
97 14.7
98 16.7
99 16.2
100 16.2
101 18.6
102 22.0
103 15.0
104 16.2
105 18.8
106 13.5
107 8.9
108 18.1
109 20.8
110 15.3
111 13.5
112 17.1
113 16.0
114 15.1
115 14.0
116 15.4
117 11.9
118 10.5
119 13.6
120 18.5
121 18.5
122 15.8
123 48.5
124 32.1
125 41.8
126 31.4
127 33.5
128 40.9
129 40.0
130 21.8
131 37.4
132 51.1
133 21.6
134 38.1
135 29.6
136 27.1
137 43.8
138 45.8
139 40.2
140 47.7
141 32.6
142 19.1
143 17.8
144 17.9
145 16.5
146 23.8
147 18.3
148 20.7
149 16.8
150 14.3
151 10.1
152 15.6
153 17.7
154 15.1
155 14.2
156 14.0
157 13.9
158 15.8
159 19.2
160 18.7
161 22.1
162 14.5
163 15.0
164 15.8
165 17.1
166 14.7
167 16.6
168 17.8
169 15.1
170 14.9
171 14.5
172 10.5
173 12.1
174 19.0
175 18.1
176 16.2
177 17.8
178 14.6
179 16.7
180 17.1
181 17.7
182 16.2
183 17.9
184 15.9
185 17.1
186 19.3
187 18.4
188 13.1
189 39.5
190 48.8
191 40.5
192 23.9
193 19.8
194 35.7
195 22.7
196 25.9
197 21.2
198 40.9
199 27.1
200 32.0
201 29.1
202 17.4
203 18.4
204 15.5
205 13.6
206 12.7
207 15.6
208 16.9
209 12.5
210 17.1
211 14.7
212 16.2
213 16.7
214 16.7
215 17.4
216 24.3
217 19.1
218 14.7
219 15.5
220 16.4
221 14.8
222 16.1
223 15.2
224 17.8
225 18.0
226 18.7
227 10.8
228 15.8
229 14.5
230 15.1
231 22.5
232 18.3
233 20.5
234 12.4
235 16.6
236 17.2
237 14.6
238 7.8
239 17.8
240 15.0
241 14.0
242 14.4
243 13.6
244 15.4
245 19.7
246 16.0
247 13.8
248 14.2
249 10.5
250 18.1
251 16.8
252 22.1
253 13.5
254 19.2
255 18.8
256 19.8
257 14.3
258 15.6
259 16.4
260 12.5
261 14.8
262 17.4
263 18.4
264 15.9
265 12.5
266 16.2
267 14.3
268 13.3
269 17.1
270 18.6
271 9.8
272 17.7
273 15.6
274 19.2
275 15.6
276 15.2
277 12.4
278 13.0
279 13.8
280 13.7
281 13.6
282 9.4
283 15.3
284 14.5
285 13.6
286 10.3
287 16.2
288 19.1
289 14.3
290 16.8
291 17.7
292 31.5
293 32.9
294 90.9
295 51.4
296 27.5
297 16.4
298 35.9
299 16.3
300 48.5
301 65.3
302 66.5
303 29.4
304 64.6
305 59.9
306 36.4
307 35.5
308 39.1
309 35.5
310 38.5
311 19.5
312 38.2
313 13.1
314 9.4
315 7.7
316 22.7
317 28.6
318 21.5
319 21.2
320 16.7
321 30.1
322 30.1
323 35.9
324 37.1
325 63.4
326 59.6
327 30.1
328 32.6
329 35.1
330 37.5
331 35.9
332 26.0
333 19.4
334 23.7
335 16.4
336 13.2
337 10.1
338 12.4
339 12.8
340 30.6
341 27.6
342 25.3
343 26.4
344 13.6
345 14.8
346 13.9
347 16.7
348 29.6
349 26.5
350 33.6
351 16.6
352 19.1
353 15.9
354 11.7
355 12.5
356 19.0
357 34.1
358 25.2
359 26.7
360 15.7
361 15.4
362 12.5
363 12.9
364 33.1
365 28.4
366 29.8
367 11.7
368 13.6
369 10.1
370 21.9
371 33.1
372 21.6
373 14.3
374 20.9
375 35.7
376 37.5
377 39.8
378 37.2
379 44.7
380 39.9
381 47.3
382 35.2
383 40.5
384 34.1
385 11.6
386 18.0
387 12.8
388 15.8
389 13.3
390 18.5
391 24.5
392 12.8
393 12.8
394 13.8
395 29.0
396 19.8
397 17.5
398 31.8
399 18.6
400 42.3
401 22.5
402 34.6
403 32.7
404 31.5
405 28.7
406 37.3
407 35.8
408 21.5
409 26.7
410 14.8
411 14.0
412 13.5
413 15.2
414 13.6
415 39.0
416 31.7
417 30.3
418 24.6
419 18.7
420 33.3
421 28.0
422 37.7
423 33.2
424 34.0
425 32.2
426 35.0
427 18.6
428 13.2
429 13.3
430 13.1
431 13.6
432 12.5
433 12.7
434 18.7
435 19.0
436 8.2
437 11.3
438 12.8
439 13.2
440 12.1
441 14.3
442 14.2
443 13.2
444 12.5
445 12.5
446 13.6
447 10.5
448 12.0
449 12.3
450 14.8
451 10.9
452 13.6
453 12.8
454 12.9
455 11.2
456 13.6
457 12.9
458 12.0
459 15.9
460 12.1
461 12.4
462 14.8
463 14.5
464 12.9
465 13.6
466 17.9
467 12.7
468 12.5
469 12.8
470 14.3
471 12.0
472 14.3
473 18.8
474 14.4
475 12.9
476 12.1
477 13.5
478 12.1
479 10.9
480 12.0
481 10.5
482 14.2
483 14.1
484 12.8
485 13.3
486 18.7
487 14.0
488 11.7
489 13.3
490 14.1
491 10.1
492 13.6
493 16.8
494 13.2
495 12.5
496 11.7
497 13.8
498 14.9
499 11.2
500 14.0
501 10.9
502 14.8
503 13.6
504 27.3
505 12.0
506 11.2
507 14.5
508 17.1
509 12.9
510 14.8
511 13.3
512 10.5
513 17.7
514 13.3
515 11.3
516 11.7
517 14.1
518 11.7
519 16.3
520 12.1
521 13.3
522 10.9
523 8.3
524 20.2
525 14.4
526 12.7
527 14.5
528 12.8
529 15.1
530 12.1
531 16.7
532 12.8
533 12.1
534 7.4
535 12.5
536 16.9
537 12.4
538 12.5
539 15.1
540 13.2
541 13.7
542 19.1
543 14.5
544 10.0
545 10.9
546 12.4
547 12.4
548 16.3
549 12.1
550 22.1
551 12.9
552 18.8
553 21.8
554 46.3
555 43.9
556 29.3
557 12.9
558 18.3
559 13.6
560 13.2
561 12.1
562 14.8
563 13.7
564 13.7
565 11.3
566 11.3
567 21.4
568 14.0
569 11.7
570 15.2
571 16.1
572 19.6
573 10.4
574 14.1
575 12.1
576 11.7
577 12.9
578 12.1
579 16.4
580 14.1
581 12.6
582 13.3
583 12.9
584 13.2
585 15.6
586 15.2
587 15.4
588 10.1
589 7.4
590 11.7
591 13.3
592 13.2
593 13.6
594 14.9
595 13.3
596 10.9
597 11.3
598 13.5
599 11.3
600 11.3
601 21.0
602 11.3
603 14.5
604 11.3
605 12.9
606 18.3
607 13.2
608 13.6
609 13.6
610 10.1
611 11.7
612 15.1
613 11.3
614 34.2
615 42.2
616 21.4
617 14.3
618 16.4
619 9.8
620 12.5
621 12.1
622 13.3
623 14.5
624 12.5
625 11.7
626 12.1
627 9.8
628 11.4
629 13.5
630 18.3
631 14.4
632 9.0
633 13.6
634 30.6
635 30.2
636 13.3
637 16.0
638 63.0
639 100.0
640 90.1
641 98.4
642 88.4
643 63.6
644 35.5
645 51.0
646 68.1
647 54.0
648 56.2
649 56.8
650 51.8
651 57.1
652 65.5
653 53.7
654 29.6
655 55.4
656 52.5
657 50.2
658 54.1
659 78.4
660 52.3
661 41.8
662 33.6
663 26.2
664 15.4
665 17.2
666 22.9
667 18.4
668 14.7
669 28.0
670 32.7
671 14.8
672 30.1
673 27.3
674 45.0
675 20.3
676 13.3
677 10.9
678 13.9
679 15.3
680 13.8
681 12.8
682 13.3
683 18.4
684 12.9
685 13.5
686 15.3
687 11.6
688 12.6
689 16.7
690 15.6
691 14.0
692 13.5
693 13.3
694 9.0
695 14.3
696 14.8
697 15.6
698 9.6
699 15.6
700 14.0
701 13.8
702 10.0
703 15.6
704 42.9
705 30.2
706 27.2
