0 26.8
1 23.3
2 21.5
3 31.3
4 26.4
5 23.3
6 33.9
7 28.0
8 22.5
9 26.0
10 22.6
11 30.1
12 28.7
13 21.5
14 31.0
15 23.7
16 22.1
17 24.9
18 24.1
19 19.9
20 19.1
21 23.0
22 23.6
23 21.7
24 19.1
25 17.2
26 23.0
27 17.8
28 21.4
29 26.0
30 25.3
31 23.0
32 23.7
33 22.6
34 24.7
35 20.5
36 23.0
37 28.5
38 21.2
39 18.7
40 27.1
41 20.2
42 20.5
43 21.2
44 26.4
45 26.9
46 18.0
47 19.7
48 23.5
49 24.3
50 25.2
51 24.2
52 28.8
53 25.4
54 29.0
55 21.0
56 18.4
57 18.3
58 23.6
59 24.0
60 17.4
61 3.1
62 2.7
63 3.9
64 10.5
65 2.7
66 2.7
67 11.6
68 5.8
69 9.3
70 8.2
71 14.4
72 11.7
73 3.5
74 2.4
75 8.7
76 3.5
77 2.7
78 2.7
79 11.7
80 6.2
81 8.5
82 4.3
83 3.5
84 5.5
85 6.2
86 4.4
87 11.2
88 7.0
89 4.7
90 11.3
91 3.1
92 4.3
93 4.3
94 7.1
95 18.4
96 4.7
97 3.5
98 6.6
99 5.4
100 5.5
101 6.6
102 3.9
103 4.7
104 5.4
105 7.3
106 2.0
107 3.5
108 3.6
109 13.3
110 10.2
111 10.1
112 4.7
113 10.5
114 3.9
115 3.1
116 5.1
117 4.7
118 10.1
119 4.2
120 6.2
121 3.9
122 6.5
123 10.2
124 3.5
125 4.3
126 6.2
127 3.5
128 7.4
129 5.4
130 3.9
131 3.1
132 9.7
133 3.5
134 5.4
135 12.2
136 3.5
137 4.3
138 13.6
139 5.1
140 4.3
141 7.4
142 3.5
143 9.4
144 7.4
145 4.8
146 6.2
147 2.7
148 7.4
149 3.1
150 3.9
151 5.4
152 6.2
153 4.3
154 4.3
155 3.5
156 2.8
157 11.3
158 9.3
159 3.1
160 3.1
161 3.9
162 3.5
163 3.1
164 5.4
165 6.2
166 4.7
167 5.1
168 6.2
169 4.3
170 2.8
171 5.1
172 12.1
173 3.5
174 7.1
175 7.4
176 6.2
177 3.9
178 12.4
179 3.5
180 3.9
181 5.1
182 4.3
183 3.9
184 10.5
185 10.1
186 6.2
187 5.4
188 6.7
189 11.7
190 7.8
191 3.5
192 2.8
193 4.3
194 5.4
195 4.2
196 3.9
197 33.7
198 100.0
199 100.0
200 100.0
201 98.4
202 76.8
203 58.4
204 43.8
205 57.0
206 33.3
207 26.8
208 24.8
209 52.0
210 35.2
211 26.5
212 15.6
213 26.2
214 28.6
215 10.5
216 9.4
217 3.1
218 5.1
219 9.7
220 8.9
221 6.9
222 3.9
223 16.4
224 27.0
225 4.2
226 7.8
227 9.3
228 3.9
229 3.1
230 3.9
231 7.8
232 12.9
233 3.1
234 7.0
235 5.5
236 5.8
237 9.7
238 3.1
239 3.1
240 4.2
241 2.7
242 4.7
243 9.4
244 4.3
245 3.9
246 13.2
247 2.7
248 3.5
249 7.4
250 3.5
251 2.7
252 4.3
253 3.5
254 6.6
255 9.0
256 3.6
257 7.1
258 4.3
259 10.5
260 2.7
261 13.8
262 8.2
263 2.7
264 3.1
265 3.5
266 7.4
267 11.3
268 16.0
269 17.6
270 3.1
271 5.4
272 3.5
273 3.2
274 3.5
275 4.7
276 2.4
277 4.3
278 12.9
279 16.8
280 3.1
281 3.1
282 5.1
283 12.1
284 4.6
285 4.2
286 9.3
287 8.6
288 7.5
289 5.9
290 5.8
291 13.3
292 2.3
293 3.5
294 9.7
295 7.4
296 7.5
297 3.1
298 2.7
299 3.9
300 10.9
301 3.1
302 2.7
303 4.7
304 6.2
305 3.1
306 3.1
307 10.4
308 2.8
309 5.8
310 3.1
311 4.7
312 6.9
313 8.2
314 12.1
315 2.3
316 0.0
317 0.4
318 0.0
319 0.4
320 1.2
321 4.3
322 1.2
323 2.0
324 0.0
325 6.6
326 3.5
327 0.0
328 0.8
329 0.0
330 5.4
331 1.6
332 1.6
333 1.2
334 0.4
335 0.0
336 0.0
337 1.2
338 0.4
339 0.4
340 1.2
341 0.0
342 0.4
343 3.5
344 0.8
345 2.0
346 0.8
347 4.6
348 0.4
349 2.4
350 0.0
351 0.0
352 0.0
353 4.3
354 1.9
355 0.0
356 1.6
357 0.0
358 0.0
359 0.0
360 2.4
361 0.4
362 5.5
363 0.4
364 0.8
365 0.4
366 0.0
367 0.0
368 0.0
369 2.3
370 2.4
371 1.2
372 1.6
373 0.0
374 1.2
375 0.4
376 3.1
377 3.9
378 0.4
379 1.9
380 4.3
381 0.4
382 0.8
383 0.0
384 0.0
385 0.4
386 0.4
387 0.4
388 1.2
389 3.5
390 2.0
391 1.9
392 0.0
393 0.0
394 0.0
395 3.1
396 1.6
397 1.2
398 6.0
399 1.2
400 0.0
401 0.4
402 0.8
403 0.4
404 1.9
405 0.0
406 0.0
407 0.0
408 0.0
409 0.0
410 0.0
411 0.0
412 0.4
413 0.0
414 0.0
415 0.0
416 0.0
417 1.5
418 1.2
419 0.0
420 2.7
421 0.8
422 0.0
423 1.6
424 1.2
425 2.0
426 2.3
427 0.0
428 0.0
429 0.0
430 1.2
431 3.1
432 2.3
433 0.0
434 0.8
435 0.4
436 0.4
437 0.8
438 0.0
439 0.4
440 0.0
441 1.6
442 1.2
443 3.6
444 2.0
445 24.9
446 14.5
447 3.1
448 1.9
449 2.0
450 0.8
451 0.0
452 4.3
453 4.3
454 1.2
455 0.0
456 0.0
457 0.0
458 2.3
459 1.2
460 2.3
461 2.3
462 2.0
463 0.0
464 0.8
465 0.0
466 0.0
467 1.6
468 0.4
469 3.9
470 1.2
471 1.6
472 1.2
473 0.4
474 0.0
475 1.2
476 0.8
477 2.0
478 0.0
479 2.0
480 0.8
481 0.0
482 8.5
483 0.8
484 3.5
485 17.4
486 10.4
487 3.1
488 2.3
489 1.6
490 0.8
491 0.0
492 1.2
493 0.0
494 14.0
495 0.0
496 1.2
497 0.8
498 0.0
499 0.0
500 2.0
501 4.3
502 0.0
503 0.0
504 1.9
505 1.6
506 0.0
507 0.4
508 0.0
509 0.0
510 2.0
511 2.0
512 0.8
513 0.0
514 0.0
515 1.6
516 1.6
517 0.8
518 0.0
519 0.0
520 3.1
521 0.0
522 3.2
523 3.5
524 21.0
525 12.8
526 0.4
