0 0.0
1 5.9
2 8.4
3 0.4
4 1.2
5 1.6
6 0.0
7 0.0
8 0.0
9 0.0
10 0.0
11 0.0
12 11.5
13 11.2
14 40.6
15 37.6
16 27.2
17 1.2
18 0.0
19 0.4
20 0.4
21 0.0
22 1.6
23 3.5
24 0.0
25 0.0
26 1.2
27 0.0
28 0.8
29 0.4
30 0.0
31 0.0
32 0.0
33 0.4
34 0.0
35 0.0
36 0.0
37 0.0
38 0.8
39 0.0
40 15.9
41 100.0
42 97.7
43 36.8
44 33.5
45 2.7
46 2.0
47 1.9
48 17.6
49 0.8
50 2.3
51 3.5
52 0.0
53 0.0
54 0.0
55 0.8
56 0.0
57 0.0
58 0.0
59 0.4
60 0.0
61 0.0
62 0.0
63 0.0
64 7.4
65 0.4
66 0.0
67 1.2
68 0.0
69 0.0
70 0.4
71 0.0
72 0.0
73 0.0
74 0.0
75 0.0
76 0.0
77 1.9
78 0.0
79 0.0
80 0.0
81 0.0
82 3.5
83 0.0
84 0.0
85 0.4
86 3.8
87 0.0
88 0.0
89 0.0
90 3.9
91 0.4
92 0.4
93 1.5
94 1.2
95 0.0
96 0.0
97 0.0
98 0.0
99 0.4
100 0.0
101 0.0
102 0.0
103 0.8
104 0.0
105 0.0
106 2.3
107 0.0
108 0.0
109 0.0
110 0.0
111 0.0
112 0.0
113 0.0
114 0.0
115 10.2
116 0.4
117 2.3
118 0.0
119 0.0
120 0.0
121 14.6
122 0.0
123 0.0
124 0.0
125 0.0
126 0.0
127 0.0
128 0.0
129 0.0
130 0.0
131 0.0
132 0.0
133 0.0
134 0.0
135 0.8
136 0.4
137 0.0
138 0.4
139 0.4
140 0.4
141 0.8
142 0.8
143 0.4
144 0.4
145 1.6
146 1.5
147 0.0
148 0.0
149 0.4
150 0.0
151 0.0
152 0.0
153 0.4
154 0.0
155 0.0
156 0.0
157 0.0
158 0.0
159 0.0
160 0.8
161 0.0
162 0.8
163 0.0
164 3.5
165 0.4
166 0.0
167 0.0
168 0.0
169 0.0
170 0.0
171 0.0
172 0.0
173 0.0
174 0.0
175 0.0
176 0.0
177 8.5
178 12.1
179 0.0
180 0.8
181 0.0
182 0.0
183 3.5
184 0.0
185 0.0
186 0.0
187 0.0
188 0.0
189 0.4
190 0.0
191 0.4
192 0.0
193 0.0
194 0.0
195 0.0
196 1.2
197 0.4
198 0.0
199 0.4
200 0.0
201 0.0
202 0.0
203 0.4
204 0.0
205 86.7
206 75.0
207 31.2
208 25.0
209 31.0
210 25.0
211 24.9
212 25.3
213 50.4
214 50.6
215 27.3
216 25.2
217 27.7
218 25.2
219 25.3
220 25.1
221 25.2
222 25.2
223 25.0
224 26.5
225 25.4
226 25.2
227 25.5
228 25.1
229 25.6
230 25.3
231 25.1
232 25.1
233 25.1
234 25.1
235 25.2
236 25.0
237 25.0
238 26.0
239 25.1
240 25.1
241 25.0
242 25.1
243 25.2
244 25.1
245 25.0
246 25.0
247 25.2
248 27.2
249 25.6
250 25.2
251 25.2
252 25.0
253 25.0
254 25.5
255 25.1
256 25.0
257 25.1
258 26.0
259 25.8
260 30.0
261 29.3
262 25.1
263 25.4
264 25.1
265 25.1
266 25.1
267 25.1
268 25.2
269 25.1
270 25.1
271 25.0
272 25.1
273 25.2
274 25.0
275 25.1
276 25.1
277 43.6
278 35.8
279 25.1
280 25.1
281 25.0
282 25.0
283 25.4
284 25.1
285 25.0
286 25.1
287 25.1
288 25.0
289 25.2
290 25.5
291 25.1
292 26.6
293 25.1
294 25.0
295 25.1
296 25.4
297 25.2
298 25.0
299 25.5
300 25.0
301 25.1
302 25.9
303 25.2
304 25.1
305 25.4
306 25.8
307 25.6
308 25.1
309 25.0
310 25.2
311 25.0
312 25.2
313 25.1
314 25.1
315 25.0
316 25.0
317 25.1
318 25.1
319 26.2
320 25.1
321 25.1
322 25.4
323 25.7
324 25.0
325 25.5
326 25.1
327 25.1
328 25.1
329 25.0
330 25.2
331 25.0
332 25.1
333 25.1
334 25.2
335 25.1
336 25.3
337 25.0
338 25.1
339 26.0
340 25.0
341 25.2
342 25.1
343 25.0
344 25.0
345 25.2
346 25.8
347 25.7
348 25.1
349 25.0
350 25.3
351 25.5
352 26.8
353 25.2
354 25.5
355 25.0
356 25.0
357 25.1
358 25.1
359 25.0
360 25.4
361 25.0
362 25.0
363 25.2
364 25.2
365 25.1
366 25.1
367 25.1
368 25.2
369 25.1
370 25.0
371 25.1
372 25.4
373 25.1
374 25.0
375 25.0
376 25.0
377 25.1
378 25.1
379 25.2
380 25.0
381 25.2
382 25.0
383 25.2
384 25.4
385 25.0
386 25.2
387 26.5
388 25.1
389 25.0
390 25.1
391 26.5
392 25.2
393 25.1
394 25.0
395 25.0
396 25.2
397 25.2
398 25.1
399 25.0
400 25.0
401 25.0
402 24.9
403 25.5
404 25.3
405 25.1
406 25.0
407 25.3
408 25.3
409 25.2
410 25.0
411 25.1
412 25.1
413 25.2
414 25.0
415 25.0
416 33.2
417 40.1
418 25.5
419 25.5
420 25.1
421 25.1
422 25.1
423 25.0
424 25.2
425 25.1
426 25.1
427 25.1
428 25.1
429 25.0
430 25.2
431 25.1
432 25.2
433 25.0
434 25.2
435 26.2
436 25.2
437 25.1
438 25.0
439 25.6
440 25.0
441 25.1
442 25.1
443 25.2
444 25.2
445 25.0
446 25.2
447 25.4
448 25.0
449 25.1
450 25.4
451 26.3
452 25.1
453 25.1
454 25.2
455 25.5
456 27.9
457 25.1
458 25.1
459 25.3
460 25.2
461 25.2
462 25.1
463 25.0
464 25.2
465 25.1
466 25.0
467 25.1
468 25.2
469 25.1
470 25.1
471 25.0
472 25.0
473 25.1
474 29.6
475 28.9
476 20.0
