0 23.3
1 18.1
2 15.9
3 15.1
4 20.8
5 17.0
6 22.9
7 13.3
8 16.9
9 15.9
10 16.1
11 16.4
12 15.1
13 15.2
14 16.5
15 20.7
16 14.7
17 11.6
18 15.8
19 17.1
20 15.1
21 17.5
22 20.1
23 16.1
24 15.5
25 17.4
26 17.8
27 14.0
28 20.3
29 20.8
30 15.6
31 14.6
32 15.1
33 14.0
34 82.4
35 44.8
36 35.9
37 21.6
38 15.1
39 15.2
40 17.6
41 21.8
42 17.2
43 14.4
44 18.4
45 17.2
46 18.8
47 13.6
48 17.4
49 16.7
50 17.9
51 20.8
52 14.4
53 17.9
54 35.0
55 13.2
56 15.6
57 15.1
58 22.5
59 12.8
60 12.1
61 17.3
62 17.2
63 18.4
64 17.4
65 16.9
66 21.0
67 17.1
68 17.0
69 15.8
70 17.0
71 11.4
72 15.5
73 22.1
74 14.4
75 15.0
76 14.7
77 16.7
78 14.7
79 16.0
80 19.3
81 15.9
82 8.6
83 15.8
84 16.3
85 15.1
86 16.7
87 16.4
88 18.6
89 14.6
90 14.6
91 15.6
92 15.4
93 11.2
94 18.1
95 20.2
96 17.6
97 14.0
98 17.8
99 15.4
100 16.2
101 16.3
102 18.5
103 14.4
104 10.4
105 19.3
106 17.8
107 14.6
108 20.8
109 16.0
110 15.1
111 16.7
112 14.7
113 15.6
114 20.6
115 16.3
116 17.2
117 16.5
118 15.6
119 12.3
120 17.3
121 19.7
122 15.1
123 18.8
124 21.9
125 17.9
126 14.7
127 19.9
128 18.6
129 18.2
130 20.8
131 14.7
132 18.5
133 17.0
134 16.0
135 14.6
136 15.7
137 13.6
138 15.4
139 18.4
140 14.3
141 16.4
142 16.0
143 13.6
144 15.4
145 13.5
146 17.1
147 17.4
148 17.0
149 15.7
150 15.4
151 15.1
152 20.6
153 14.3
154 18.4
155 17.4
156 13.6
157 16.2
158 11.6
159 14.3
160 15.3
161 14.8
162 19.1
163 18.1
164 17.8
165 16.2
166 15.4
167 17.4
168 18.0
169 11.6
170 18.1
171 24.4
172 17.3
173 15.2
174 16.3
175 32.4
176 42.1
177 42.5
178 49.8
179 14.0
180 14.1
181 18.5
182 17.1
183 19.8
184 18.3
185 18.1
186 19.5
187 96.5
188 100.0
189 100.0
190 100.0
191 100.0
192 100.0
193 99.6
194 100.0
195 99.6
196 93.8
197 98.9
198 100.0
199 100.0
200 100.0
201 100.0
202 100.0
203 100.0
204 100.0
205 100.0
206 100.0
207 88.2
208 94.6
209 94.5
210 96.3
211 90.3
212 90.9
213 57.8
214 48.1
215 80.7
216 47.9
217 21.0
218 19.1
219 21.1
220 22.5
221 24.2
222 20.2
223 21.9
224 24.5
225 24.7
226 32.8
227 52.7
228 67.3
229 74.0
230 66.0
231 87.2
232 92.6
233 72.6
234 54.8
235 72.1
236 66.0
237 52.3
238 81.0
239 45.9
240 30.3
241 26.1
242 26.5
243 21.8
244 20.0
245 28.4
246 25.0
247 27.2
248 23.5
249 28.3
250 21.2
251 27.0
252 28.2
253 22.6
254 18.8
255 19.3
256 21.1
257 17.6
258 31.6
259 26.8
260 24.4
261 18.5
262 24.7
263 28.8
264 28.6
265 16.8
266 31.2
267 46.6
268 30.9
269 24.1
270 22.8
271 35.7
272 24.3
273 26.7
274 30.0
275 25.0
276 25.7
277 21.5
278 18.6
279 27.5
280 26.6
281 18.0
282 28.4
283 21.7
284 28.6
285 19.1
286 26.1
287 19.8
288 16.0
289 20.7
290 20.2
291 30.6
292 20.4
293 22.5
294 22.7
295 26.2
296 19.4
297 21.5
298 21.5
299 29.2
300 21.1
301 20.6
302 20.9
303 21.7
304 20.4
305 18.7
306 37.0
307 30.4
308 20.1
309 28.3
310 28.1
311 22.1
312 25.1
313 20.2
314 23.3
315 30.5
316 32.3
317 22.4
318 27.6
319 18.3
320 37.0
321 22.6
322 32.0
323 29.1
324 22.9
325 22.8
326 23.3
327 25.0
328 19.6
329 24.7
330 22.9
331 33.0
332 32.4
333 21.1
334 22.5
335 25.4
336 22.6
337 22.1
338 19.4
339 28.6
340 26.7
341 19.4
342 24.2
343 19.9
344 25.5
345 23.8
346 18.3
347 23.8
348 24.4
349 35.8
350 15.7
351 22.0
352 29.4
353 27.4
354 26.6
355 34.2
356 29.5
357 17.3
358 19.8
359 27.6
360 17.6
361 20.2
362 19.5
363 21.0
364 21.4
365 18.8
366 21.5
367 12.1
368 30.7
369 25.9
370 19.0
371 34.4
372 20.9
373 17.9
374 15.7
375 17.4
376 20.3
377 17.9
378 20.3
379 32.8
380 27.4
381 21.5
382 16.2
383 22.3
384 18.3
385 17.0
386 22.3
387 26.1
388 24.6
389 18.2
390 31.4
391 20.5
392 25.5
393 28.6
394 21.8
395 27.0
396 20.6
397 25.3
398 25.9
399 20.5
400 26.4
401 28.6
402 22.5
403 28.2
404 28.2
405 19.7
406 23.5
407 19.1
408 25.1
409 18.8
410 18.7
411 23.9
412 16.4
413 27.4
414 26.2
415 20.2
416 16.3
417 22.7
418 26.0
419 32.6
420 23.8
421 51.4
422 22.3
423 19.4
424 23.0
425 52.5
426 60.8
427 92.8
428 55.2
429 67.4
430 40.4
431 28.9
432 26.1
433 22.3
434 27.4
435 21.9
436 21.4
437 21.9
438 22.6
439 23.0
440 21.3
441 27.7
442 22.1
443 19.8
444 18.8
445 39.7
446 21.9
447 22.6
448 27.7
449 24.7
450 28.0
451 25.6
452 32.3
453 20.5
454 24.2
455 22.3
456 30.9
457 19.2
458 24.1
459 21.9
460 24.4
461 30.4
462 47.5
463 54.2
464 94.0
465 33.2
466 20.7
467 40.0
468 36.0
469 28.7
470 18.7
471 14.8
472 16.1
473 15.6
474 11.2
475 11.2
476 18.2
477 10.1
478 10.2
479 12.8
480 14.7
481 14.8
482 14.0
483 15.2
484 17.4
485 14.2
486 14.0
487 14.3
488 16.4
489 10.0
490 13.3
491 13.4
492 14.2
493 10.9
494 13.6
495 22.3
496 13.6
497 15.1
498 12.9
499 11.7
500 14.1
501 14.2
502 12.4
503 14.8
504 14.7
505 12.8
506 12.8
507 15.5
508 16.3
509 16.3
510 13.3
511 10.5
512 13.6
513 14.7
514 17.5
515 12.5
516 14.7
517 14.4
518 12.4
519 15.0
520 12.1
521 12.8
522 15.2
523 13.2
524 12.8
525 13.6
526 12.8
527 14.9
528 12.1
529 12.9
530 14.9
531 14.2
532 10.5
533 16.3
534 13.2
535 11.2
536 12.0
537 14.0
538 13.3
539 13.7
540 10.9
541 12.5
542 10.5
543 12.9
544 12.7
545 13.6
546 14.2
547 16.0
548 10.9
549 10.0
550 11.7
551 13.6
552 13.2
553 14.5
554 8.6
555 12.5
556 12.1
557 10.5
558 14.1
559 12.8
560 11.7
561 11.3
562 16.7
563 12.5
564 10.1
565 8.4
566 14.4
567 14.0
568 12.9
569 12.9
570 12.0
571 12.1
572 13.3
573 12.4
574 12.9
575 13.9
576 10.5
577 18.7
578 13.2
579 16.3
580 16.0
581 11.7
582 12.1
583 13.6
584 12.9
585 17.4
586 11.9
587 8.2
588 13.2
589 10.2
590 18.1
591 15.5
592 14.4
593 13.5
594 13.6
595 17.0
596 12.5
597 8.5
598 9.0
599 12.9
600 12.9
601 16.3
602 12.9
603 13.2
604 11.2
605 10.9
606 11.2
607 20.8
608 15.9
609 14.8
610 13.7
611 14.8
612 15.6
613 12.8
614 18.1
615 13.7
616 12.0
617 14.5
618 12.1
619 11.3
620 8.6
621 14.8
622 12.4
623 11.7
624 12.1
625 12.5
626 12.5
627 14.2
628 16.0
629 10.5
630 10.1
631 7.8
632 11.2
633 11.7
634 12.1
635 18.0
636 15.2
637 12.9
638 12.0
639 12.0
640 13.3
641 11.7
642 10.2
643 13.9
644 14.1
645 14.1
646 12.6
647 16.0
648 10.5
649 13.2
650 14.8
651 15.2
652 13.6
653 10.9
654 13.9
655 14.5
656 19.5
657 30.7
658 17.3
659 12.1
660 14.2
661 18.7
662 51.8
663 53.9
664 47.9
665 14.4
666 19.8
667 20.2
668 18.4
669 24.9
670 23.8
671 28.2
672 36.2
673 21.4
674 18.3
675 21.9
676 18.0
677 14.1
678 16.0
679 23.4
680 26.1
681 22.4
682 24.1
683 22.9
684 22.2
685 13.9
686 29.2
687 18.4
688 21.0
689 18.6
690 27.2
691 23.6
692 28.2
693 20.6
694 23.0
695 13.6
696 14.8
697 17.2
698 18.0
699 10.1
700 19.9
701 24.5
702 60.3
703 29.1
704 39.8
