0 45.5
1 38.4
2 34.9
3 33.1
4 51.3
5 19.5
6 48.1
7 29.8
8 32.6
9 25.7
10 15.2
11 25.9
12 20.9
13 15.8
14 17.8
15 34.6
16 36.0
17 22.1
18 56.1
19 28.7
20 19.4
21 33.6
22 36.0
23 25.3
24 24.9
25 12.8
26 33.2
27 68.6
28 24.1
29 70.8
30 33.3
31 23.8
32 29.5
33 27.1
34 12.9
35 19.9
36 17.0
37 29.7
38 39.1
39 37.7
40 34.5
41 43.2
42 15.6
43 20.6
44 25.3
45 22.2
46 99.6
47 26.3
48 38.6
49 58.2
50 41.7
51 34.3
52 16.0
53 29.8
54 23.5
55 54.2
56 27.2
57 39.7
58 44.4
59 32.0
60 30.6
61 22.5
62 20.2
63 22.1
64 21.6
65 41.1
66 46.9
67 33.1
68 40.9
69 34.4
70 20.3
71 30.5
72 67.8
73 35.7
74 43.3
75 51.5
76 67.3
77 40.9
78 14.3
79 13.6
80 80.4
81 17.7
82 14.0
83 87.2
84 10.0
85 34.1
86 34.0
87 44.4
88 75.5
89 86.5
90 82.6
91 12.8
92 68.2
93 86.8
94 76.3
95 41.5
96 71.5
97 55.8
98 49.6
99 50.0
100 56.7
101 52.3
102 25.8
103 23.0
104 19.1
105 23.6
106 22.7
107 24.7
108 26.5
109 23.4
110 28.7
111 28.7
112 20.6
113 19.0
114 43.5
115 99.3
116 68.7
117 34.6
118 68.0
119 59.5
120 29.0
121 95.0
122 64.9
123 92.8
124 47.9
125 65.2
126 64.6
127 87.7
128 72.3
129 69.1
130 49.8
131 52.1
132 53.6
133 64.6
134 38.7
135 31.4
136 31.9
137 39.7
138 41.7
139 27.3
140 49.0
141 37.7
142 41.8
143 37.8
144 50.0
145 54.0
146 38.4
147 39.8
148 42.7
149 40.5
150 39.3
151 42.3
152 46.3
153 36.6
154 39.4
155 41.8
156 37.5
157 65.5
158 68.7
159 64.2
160 61.9
161 66.9
162 67.3
163 43.6
164 42.5
165 38.1
166 38.1
167 43.2
168 36.6
169 37.9
170 39.8
171 39.8
172 45.9
173 66.9
174 64.1
175 57.5
176 67.1
177 66.8
178 60.3
179 41.4
180 42.3
181 37.6
182 40.1
183 42.6
184 40.2
185 38.6
186 41.9
187 41.8
188 39.7
189 54.8
190 44.4
191 44.4
192 50.8
193 61.9
194 64.6
195 63.6
196 51.5
197 44.0
198 60.0
199 58.5
200 38.8
201 60.1
202 45.6
203 63.2
204 63.6
205 38.9
206 38.5
207 37.4
208 43.4
209 62.5
210 58.1
211 61.2
212 89.7
213 69.5
214 49.8
215 64.0
216 56.2
217 60.6
218 57.8
219 60.1
220 61.8
221 67.2
222 67.8
223 61.9
224 54.8
225 53.3
226 66.2
227 58.7
228 65.9
229 52.3
230 66.2
231 88.4
232 64.2
233 70.0
234 91.1
235 52.7
236 40.7
237 39.0
238 37.4
239 38.7
240 36.5
241 39.8
242 36.3
243 38.2
244 39.1
245 37.4
246 39.1
247 37.9
248 36.6
249 40.4
250 37.4
251 38.0
252 38.3
253 40.5
254 38.8
255 36.4
256 39.5
257 38.2
258 38.8
259 40.8
260 38.8
261 39.3
262 37.0
263 39.1
264 37.3
265 38.1
266 41.2
267 37.8
268 38.8
269 40.1
270 36.3
271 39.1
272 39.2
273 37.9
274 37.4
275 39.5
276 40.4
277 37.0
278 39.0
279 43.4
280 42.5
281 37.7
282 43.2
283 38.5
284 41.4
285 41.5
286 43.1
287 41.3
288 39.2
289 43.8
290 35.9
291 42.2
292 43.2
293 42.5
294 40.1
295 47.7
296 45.8
297 39.2
298 39.1
299 41.9
300 39.9
301 42.4
302 40.9
303 42.4
304 37.7
305 41.3
306 40.5
307 43.0
308 40.8
309 41.5
310 41.3
311 39.4
312 39.1
313 39.9
314 40.2
315 39.9
316 38.8
317 39.5
318 39.4
319 41.9
320 41.1
321 37.8
322 41.5
323 39.7
324 37.8
325 42.9
326 39.3
327 40.9
328 43.0
329 39.1
330 40.7
331 45.4
332 39.3
333 41.2
334 41.1
335 39.8
336 42.8
337 39.1
338 40.8
339 38.8
340 66.4
341 45.2
342 38.8
343 43.8
344 40.3
345 42.2
346 40.3
347 39.4
348 41.2
349 41.1
350 39.3
351 40.5
352 38.3
353 30.0
354 28.8
355 30.5
356 35.8
357 32.6
358 41.0
359 39.3
360 37.9
361 41.0
362 38.0
363 39.3
364 39.6
365 40.1
366 40.4
367 38.2
368 41.6
369 39.1
370 39.5
371 40.2
372 38.1
373 38.2
374 39.2
375 39.9
376 36.7
377 37.7
378 39.4
379 37.2
380 40.0
381 40.7
382 37.4
383 40.2
384 39.1
385 39.1
386 43.0
387 45.7
388 39.9
389 46.5
390 46.1
391 47.5
392 46.0
393 44.6
394 44.2
395 44.8
396 42.2
397 42.7
398 41.3
399 45.7
400 42.9
401 44.6
402 40.7
403 91.1
404 100.0
405 100.0
406 100.0
407 100.0
408 100.0
409 100.0
410 100.0
411 100.0
412 100.0
413 100.0
414 100.0
415 100.0
416 100.0
417 100.0
418 100.0
419 100.0
420 100.0
421 100.0
422 100.0
423 100.0
424 100.0
425 100.0
426 100.0
427 100.0
428 100.0
429 100.0
430 100.0
431 100.0
432 100.0
433 99.6
434 99.6
435 100.0
436 100.0
437 100.0
438 100.0
439 100.0
440 99.6
441 100.0
442 100.0
443 100.0
444 100.0
445 100.0
446 100.0
447 100.0
448 100.0
449 100.0
450 99.6
451 100.0
452 100.0
453 100.0
454 100.0
455 100.0
456 100.0
457 100.0
458 100.0
459 100.0
460 100.0
461 100.0
462 100.0
463 99.6
464 100.0
465 100.0
466 100.0
467 100.0
468 100.0
469 100.0
470 100.0
471 100.0
472 100.0
473 100.0
474 100.0
475 100.0
476 100.0
477 100.0
478 100.0
479 100.0
480 100.0
481 100.0
482 100.0
483 100.0
484 100.0
485 100.0
486 99.6
487 100.0
488 100.0
489 100.0
490 100.0
491 100.0
492 100.0
493 100.0
494 100.0
495 100.0
496 100.0
497 100.0
498 100.0
499 100.0
500 100.0
501 100.0
502 100.0
503 100.0
504 100.0
505 100.0
506 99.6
507 100.0
508 100.0
509 100.0
510 100.0
511 100.0
512 100.0
513 100.0
514 100.0
515 100.0
516 100.0
517 100.0
518 100.0
519 100.0
520 100.0
521 100.0
522 100.0
523 100.0
524 100.0
525 100.0
526 100.0
527 100.0
528 100.0
529 100.0
530 100.0
531 100.0
532 100.0
533 100.0
534 100.0
535 100.0
536 100.0
537 100.0
538 100.0
539 99.6
540 100.0
541 100.0
542 100.0
543 100.0
544 100.0
545 100.0
546 100.0
547 100.0
548 100.0
549 100.0
550 100.0
551 100.0
552 100.0
553 100.0
554 100.0
555 100.0
556 100.0
557 100.0
558 100.0
559 100.0
560 100.0
561 100.0
562 100.0
563 100.0
564 100.0
565 100.0
566 100.0
567 100.0
568 100.0
569 100.0
570 100.0
571 100.0
572 100.0
573 100.0
574 100.0
575 100.0
576 100.0
577 100.0
578 100.0
579 100.0
580 100.0
581 100.0
582 100.0
583 100.0
584 100.0
585 100.0
586 100.0
587 100.0
588 100.0
589 100.0
590 100.0
591 100.0
592 100.0
593 100.0
594 100.0
595 100.0
596 100.0
597 100.0
598 99.6
599 100.0
600 100.0
601 100.0
602 100.0
603 100.0
604 100.0
605 100.0
606 100.0
607 100.0
608 100.0
609 100.0
610 100.0
611 100.0
612 100.0
613 100.0
614 100.0
615 100.0
616 100.0
617 100.0
618 100.0
619 100.0
620 100.0
621 100.0
622 100.0
623 100.0
624 100.0
625 100.0
626 100.0
627 100.0
628 100.0
629 100.0
630 100.0
631 100.0
632 100.0
633 100.0
634 100.0
635 100.0
636 100.0
637 100.0
638 100.0
639 100.0
640 100.0
641 100.0
642 100.0
643 100.0
644 100.0
645 100.0
646 100.0
647 100.0
648 100.0
649 100.0
650 100.0
651 100.0
652 100.0
653 100.0
654 100.0
655 100.0
656 100.0
657 100.0
658 100.0
659 100.0
660 100.0
661 100.0
662 100.0
663 100.0
664 100.0
665 100.0
666 100.0
667 100.0
668 100.0
669 100.0
670 100.0
671 100.0
672 100.0
673 100.0
674 100.0
675 100.0
676 100.0
677 100.0
678 100.0
679 100.0
680 100.0
681 100.0
682 100.0
683 100.0
684 100.0
685 100.0
686 100.0
687 100.0
688 100.0
689 100.0
690 100.0
691 100.0
692 100.0
693 100.0
694 100.0
695 100.0
696 100.0
