0 7.3
1 0.4
2 4.7
3 12.8
4 25.8
5 8.1
6 56.9
7 18.7
8 9.0
9 5.8
10 0.0
11 23.0
12 97.7
13 27.5
14 23.7
15 23.7
16 21.1
17 11.8
18 0.0
19 2.3
20 8.9
21 0.4
22 1.5
23 0.0
24 7.8
25 0.0
26 0.0
27 6.6
28 0.4
29 0.4
30 0.0
31 0.0
32 0.0
33 0.0
34 0.0
35 3.9
36 0.8
37 0.8
38 47.5
39 0.0
40 0.4
41 0.0
42 0.0
43 0.4
44 66.7
45 32.9
46 42.0
47 25.2
48 13.2
49 14.0
50 19.8
51 29.2
52 25.4
53 23.7
54 12.9
55 26.7
56 21.2
57 8.5
58 13.6
59 24.6
60 25.3
61 25.2
62 24.9
63 25.2
64 26.2
65 17.4
66 64.7
67 11.0
68 0.0
69 0.0
70 0.4
71 0.0
72 0.4
73 5.1
74 11.7
75 0.0
76 6.2
77 0.4
78 0.0
79 0.8
80 0.0
81 0.0
82 1.2
83 0.0
84 0.0
85 0.0
86 0.0
87 0.0
88 5.8
89 2.0
90 0.0
91 5.1
92 8.3
93 0.0
94 0.0
95 5.0
96 0.0
97 0.0
98 0.8
99 0.0
100 1.6
101 2.7
102 3.5
103 0.0
104 0.8
105 0.0
106 2.3
107 0.8
108 0.0
109 0.0
110 0.0
111 9.0
112 2.3
113 4.2
114 1.6
115 0.8
116 2.0
117 0.0
118 0.0
119 0.0
120 0.0
121 0.0
122 0.4
123 1.5
124 0.4
125 0.8
126 0.8
127 0.0
128 0.0
129 0.0
130 0.4
131 0.8
132 0.0
133 0.0
134 0.0
135 0.0
136 7.8
137 0.0
138 0.0
139 0.0
140 0.0
141 0.0
142 3.8
143 1.5
144 0.0
145 0.4
146 0.0
147 0.0
148 0.0
149 0.4
150 0.4
151 0.8
152 0.0
153 0.0
154 5.1
155 0.0
156 0.0
157 0.0
158 0.0
159 0.0
160 0.0
161 25.7
162 25.3
163 25.3
164 3.5
165 0.0
166 1.9
167 1.9
168 0.0
169 14.5
170 6.2
171 0.4
172 0.0
173 0.4
174 1.2
175 0.0
176 11.7
177 1.2
178 29.2
179 77.5
180 41.5
181 11.4
182 0.0
183 0.0
184 7.0
185 10.9
186 0.0
187 0.4
188 0.0
189 25.1
190 8.6
191 0.4
192 0.0
193 0.4
194 0.8
195 0.0
196 0.0
197 0.0
198 0.4
199 0.4
200 0.8
201 0.0
202 0.0
203 0.0
204 0.0
205 0.8
206 0.0
207 0.0
208 0.8
209 0.0
210 1.2
211 0.0
212 0.4
213 0.0
214 0.0
215 0.0
216 1.2
217 0.0
218 1.9
219 0.0
220 0.0
221 0.0
222 1.1
223 0.8
224 0.0
225 0.0
226 0.4
227 0.0
228 0.4
229 0.8
230 26.4
231 29.0
232 18.8
233 3.1
234 2.0
235 0.0
236 10.4
237 1.2
238 0.0
239 0.0
240 0.0
241 0.0
242 0.0
243 0.0
244 0.0
245 0.0
246 0.0
247 1.9
248 0.0
249 0.0
250 0.0
251 0.0
252 0.0
253 0.0
254 0.0
255 3.1
256 0.0
257 0.0
258 0.0
259 0.0
260 0.4
261 0.0
262 0.0
263 1.2
264 0.0
265 0.0
266 0.0
267 0.0
268 0.4
269 1.2
270 0.0
271 0.4
272 0.4
273 0.0
274 0.4
275 0.0
276 0.0
277 0.8
278 0.0
279 0.0
280 0.8
281 0.0
282 1.6
283 0.0
284 0.0
285 0.0
286 0.0
287 0.0
288 0.0
289 1.2
290 0.0
291 0.0
292 0.0
293 0.0
294 0.0
295 0.0
296 0.4
297 0.0
298 0.0
299 0.0
300 0.4
301 1.9
302 0.4
303 0.0
304 0.0
305 0.4
306 0.0
307 0.0
308 0.4
309 0.4
310 0.0
311 0.8
312 0.8
313 0.0
314 0.0
315 0.8
316 0.0
317 0.8
318 1.2
319 0.0
320 2.3
321 0.4
322 0.0
323 0.0
324 0.0
325 0.4
326 0.0
327 0.0
328 0.0
329 0.0
330 1.6
331 1.2
332 0.4
333 0.0
334 0.0
335 0.0
336 0.0
337 0.0
338 0.0
339 0.0
340 0.0
341 0.0
342 0.0
343 0.0
344 0.4
345 0.4
346 0.0
347 1.5
348 0.0
349 0.0
350 0.0
351 0.0
352 0.0
353 0.0
354 0.0
355 0.0
356 0.0
357 0.0
358 0.0
359 0.0
360 1.2
361 0.8
362 1.2
363 0.0
364 0.0
365 0.0
366 0.0
367 0.0
368 0.0
369 0.4
370 0.0
371 0.0
372 0.0
373 0.0
374 0.0
375 0.0
376 1.6
377 0.0
378 75.1
379 86.4
380 63.8
381 92.6
382 91.4
383 46.3
384 54.0
385 49.6
386 43.5
387 46.9
388 47.1
389 47.3
390 77.6
391 88.0
392 58.1
393 50.0
394 63.0
395 72.4
396 72.0
397 98.9
398 96.9
399 100.0
400 100.0
401 100.0
402 98.5
403 99.6
404 96.1
405 90.3
406 51.0
407 44.9
408 46.7
409 51.9
410 43.9
411 39.2
412 53.2
413 53.5
414 48.0
415 44.4
416 44.5
417 45.8
418 48.9
419 43.4
420 48.2
421 49.8
422 49.0
423 49.4
424 49.6
425 48.8
426 51.2
427 57.3
428 48.7
429 48.8
430 49.6
431 71.9
432 73.2
433 72.1
434 71.0
435 66.0
436 55.6
437 47.8
438 47.3
439 23.8
440 23.3
441 23.3
442 42.9
443 48.2
444 47.3
445 48.8
446 47.1
447 47.1
448 49.8
449 46.5
450 49.6
451 24.1
452 24.5
453 24.3
454 22.4
455 24.2
456 23.0
457 24.3
458 11.5
459 24.6
460 22.0
461 25.4
462 9.1
463 9.4
464 0.0
465 0.0
466 0.4
467 6.6
468 0.0
469 0.8
470 0.8
471 0.0
472 0.4
473 18.2
474 3.5
475 0.0
476 0.0
477 0.0
478 0.4
479 0.0
480 0.8
481 0.0
482 0.0
483 0.0
484 0.0
485 0.0
486 0.0
487 0.4
488 0.0
489 1.5
490 0.0
491 0.4
492 0.0
493 0.0
494 0.8
495 0.0
496 0.4
497 0.0
498 0.0
499 1.2
500 0.0
501 0.0
502 0.0
503 0.0
504 0.4
505 0.0
506 0.0
507 0.0
508 0.8
509 0.0
510 0.0
511 0.0
512 0.0
513 0.0
514 0.0
515 0.4
516 0.4
517 0.0
518 0.0
519 0.0
520 0.4
521 0.4
522 0.0
523 0.0
524 0.0
525 0.0
526 0.0
527 0.4
528 0.0
529 0.0
530 0.0
531 0.0
532 0.0
533 0.0
534 1.2
535 0.0
536 1.6
537 0.0
538 0.0
539 0.0
540 0.4
541 0.0
542 0.0
543 0.4
544 0.0
545 0.0
546 0.0
547 0.8
548 0.0
549 0.0
550 0.0
551 0.4
552 0.0
553 0.0
554 0.0
555 0.0
556 0.0
557 0.0
558 0.0
559 0.4
560 0.0
561 1.2
562 0.0
563 0.0
564 0.4
565 0.4
566 0.0
567 0.4
568 0.0
569 0.0
570 0.0
571 0.0
572 1.2
573 0.0
574 0.0
575 0.0
576 0.0
577 0.0
578 0.0
579 0.0
580 0.0
581 0.0
582 0.0
583 0.0
584 0.0
585 0.0
586 0.4
587 0.0
588 0.4
589 0.4
590 0.0
591 0.0
592 0.0
593 0.0
594 0.4
595 0.0
596 0.0
597 0.0
598 0.4
599 0.8
600 0.0
601 0.0
602 0.0
603 0.0
604 0.0
605 0.0
606 0.0
607 0.0
608 0.0
609 0.0
610 0.8
611 0.0
612 0.0
613 0.8
614 0.4
615 18.1
616 0.0
617 0.0
618 0.0
619 0.0
620 0.0
621 0.0
622 0.0
623 0.0
624 0.0
625 0.4
626 0.0
627 0.0
628 0.0
629 0.0
630 0.0
631 0.0
632 2.3
633 0.4
634 0.0
635 0.0
636 0.0
637 1.2
638 0.4
639 0.0
640 0.0
641 0.8
642 0.0
643 0.0
644 0.0
645 0.0
646 0.4
647 0.0
648 0.0
649 3.9
650 0.0
651 0.0
652 0.0
653 0.0
654 0.0
655 0.0
656 0.0
657 0.0
658 0.0
659 0.0
660 0.0
661 0.0
662 0.4
663 0.0
664 0.0
665 0.0
666 0.8
667 1.2
668 0.8
669 0.0
670 0.0
671 0.0
672 0.0
673 0.0
674 0.0
675 0.0
676 1.2
677 0.0
678 0.0
679 0.0
680 2.0
681 0.0
682 0.0
683 0.8
684 0.0
685 0.0
686 0.4
687 0.4
688 1.6
689 0.0
690 0.0
691 0.0
692 0.0
693 3.1
694 24.2
695 0.0
696 0.0
697 0.4
698 0.0
699 0.0
700 0.0
701 0.0
702 0.0
703 46.9
704 16.0
705 13.2
706 0.4
707 0.0
708 0.4
709 0.4
710 0.0
711 1.6
712 0.0
713 0.0
714 0.8
715 0.4
716 1.6
717 0.0
718 0.0
719 0.0
720 0.0
721 0.0
722 0.0
723 0.0
724 0.0
725 0.0
726 0.0
727 0.0
728 0.4
729 0.0
730 0.0
731 0.0
732 0.0
733 0.0
734 0.0
735 0.4
736 2.3
737 0.0
738 0.0
739 0.0
740 0.8
741 0.0
742 0.0
743 0.0
744 0.0
745 0.4
746 0.0
747 0.0
748 0.0
749 0.0
750 0.4
751 0.0
752 0.0
753 25.8
754 0.4
755 0.0
756 0.0
757 0.0
758 0.0
759 0.4
760 0.4
761 1.2
762 0.0
763 0.4
764 0.0
765 0.0
766 0.0
767 0.0
768 0.0
769 0.0
770 0.0
771 0.0
772 0.0
773 0.0
774 0.0
775 0.4
776 0.0
777 0.0
778 0.0
779 0.0
780 0.0
781 0.0
782 0.0
783 0.4
784 0.4
785 0.0
786 0.0
787 0.4
788 0.0
789 0.0
790 0.0
791 0.0
792 0.0
793 0.0
794 0.0
795 0.0
796 0.0
797 0.0
798 1.2
799 0.0
800 0.0
801 0.0
802 0.0
803 0.0
804 0.4
805 0.0
806 0.0
807 0.0
808 48.4
809 19.1
810 0.0
811 4.3
812 0.8
813 2.0
814 0.0
815 0.0
816 0.0
817 30.5
818 21.6
