0 56.2
1 56.2
2 56.2
3 56.2
4 56.7
5 56.1
6 56.5
7 55.9
8 55.8
9 55.8
10 55.6
11 55.7
12 55.9
13 55.8
14 55.8
15 55.6
16 55.7
17 55.7
18 57.2
19 55.7
20 55.6
21 56.4
22 56.4
23 56.4
24 56.0
25 55.6
26 55.5
27 55.5
28 55.6
29 55.8
30 55.8
31 55.8
32 55.8
33 55.7
34 55.6
35 55.4
36 55.4
37 55.4
38 55.4
39 55.3
40 55.3
41 55.3
42 55.4
43 55.3
44 55.4
45 55.7
46 58.4
47 58.8
48 58.8
49 58.7
50 58.8
51 57.9
52 55.7
53 56.2
54 55.7
55 56.3
56 55.7
57 57.3
58 57.2
59 57.2
60 57.2
61 57.2
62 57.2
63 57.1
64 57.1
65 57.1
66 57.4
67 57.3
68 57.4
69 57.3
70 55.6
71 55.5
72 55.4
73 55.4
74 55.7
75 55.5
76 56.3
77 55.4
78 55.4
79 55.4
80 56.8
81 55.4
82 55.4
83 56.0
84 55.4
85 55.4
86 55.4
87 55.3
88 56.7
89 55.4
90 55.5
91 55.5
92 55.5
93 56.6
94 55.5
95 55.4
96 57.3
97 57.5
98 57.7
99 57.9
100 58.0
101 58.0
102 58.0
103 58.0
104 58.0
105 58.2
106 58.2
107 58.2
108 58.2
109 58.2
110 58.2
111 58.2
112 58.2
113 58.2
114 56.3
115 55.9
116 57.3
117 55.8
118 57.3
119 55.6
120 55.6
121 57.8
122 55.8
123 57.6
124 58.5
125 55.9
126 56.8
127 56.6
128 57.3
129 57.7
130 57.5
131 57.7
132 58.2
133 58.3
134 58.2
135 58.2
136 58.2
137 58.1
138 58.1
139 58.1
140 58.1
141 58.0
142 57.9
143 57.8
144 57.8
145 57.8
146 57.8
147 57.8
148 57.8
149 57.8
150 57.8
151 57.8
152 57.8
153 57.8
154 57.8
155 57.7
156 57.7
157 57.1
158 57.1
159 57.1
160 57.1
161 57.3
162 57.3
163 57.3
164 57.3
165 57.3
166 57.3
167 57.3
168 57.2
169 57.1
170 57.1
171 57.1
172 57.1
173 57.1
174 57.1
175 57.1
176 57.0
177 57.1
178 57.0
179 57.1
180 57.0
181 57.0
182 57.0
183 57.0
184 57.0
185 57.0
186 57.0
187 57.0
188 56.9
189 56.9
190 56.9
191 56.9
192 56.9
193 56.9
194 56.9
195 56.9
196 57.1
197 57.0
198 57.1
199 57.1
200 57.2
201 57.2
202 57.2
203 57.2
204 57.2
205 57.2
206 57.2
207 57.2
208 57.2
209 57.1
210 57.3
211 57.3
212 58.4
213 57.5
214 57.5
215 57.4
216 57.4
217 57.4
218 57.4
219 57.4
220 57.4
221 57.4
222 57.4
223 57.2
224 57.2
225 57.2
226 57.2
227 57.2
228 57.1
229 57.2
230 57.2
231 57.3
232 57.3
233 57.1
234 56.4
235 55.9
236 55.9
237 55.9
238 55.9
239 55.9
240 55.9
241 55.9
242 55.9
243 55.9
244 55.9
245 55.9
246 55.9
247 55.9
248 55.9
249 55.9
250 55.9
251 55.9
252 55.9
253 55.9
254 55.9
255 55.9
256 55.9
257 55.9
258 56.0
259 56.0
260 56.0
261 56.0
262 56.0
263 56.0
264 56.0
265 56.0
266 56.0
267 56.0
268 56.0
269 56.0
270 56.0
271 56.1
272 56.1
273 56.1
274 56.1
275 56.2
276 56.1
277 56.2
278 56.4
279 56.5
280 56.3
281 56.3
282 56.3
283 56.3
284 56.3
285 56.3
286 56.5
287 56.5
288 56.2
289 56.3
290 56.5
291 56.4
292 56.4
293 56.2
294 56.5
295 56.3
296 56.3
297 56.3
298 56.3
299 56.4
300 56.5
301 56.6
302 56.4
303 56.4
304 56.5
305 56.5
306 56.4
307 56.4
308 56.5
309 56.7
310 56.4
311 56.4
312 56.3
313 56.7
314 56.7
315 56.4
316 56.5
317 56.7
318 56.6
319 56.2
320 56.2
321 56.5
322 56.5
323 56.6
324 56.3
325 56.6
326 56.7
327 56.6
328 56.2
329 56.4
330 56.5
331 56.4
332 56.4
333 56.5
334 56.5
335 56.6
336 56.6
337 56.4
338 56.6
339 56.5
340 56.5
341 56.9
342 56.9
343 56.6
344 56.6
345 56.5
346 56.7
347 56.7
348 56.4
349 56.6
350 56.7
351 56.4
352 56.4
353 56.5
354 56.6
355 56.6
356 56.6
357 56.6
358 56.6
359 56.7
360 56.7
361 56.7
362 56.7
363 56.7
364 55.9
365 55.8
366 55.8
367 55.8
368 55.8
369 55.8
370 55.8
371 55.8
372 55.8
373 55.8
374 55.8
375 55.9
376 55.9
377 55.9
378 55.9
379 55.9
380 55.9
381 55.9
382 55.9
383 55.9
384 55.9
385 55.7
386 56.2
387 56.5
388 55.9
389 56.2
390 56.6
391 57.1
392 56.3
393 56.5
394 56.9
395 57.2
396 56.4
397 56.6
398 56.9
399 55.9
400 56.4
401 56.6
402 55.4
403 58.6
404 59.6
405 61.3
406 61.3
407 61.3
408 61.3
409 61.3
410 61.3
411 61.3
412 61.2
413 61.3
414 61.6
415 61.9
416 61.9
417 62.3
418 62.3
419 62.4
420 62.4
421 62.4
422 62.4
423 62.4
424 62.4
425 62.4
426 62.4
427 62.5
428 62.5
429 62.5
430 62.5
431 62.5
432 62.5
433 62.5
434 62.5
435 62.6
436 62.7
437 62.6
438 62.6
439 62.8
440 62.8
441 62.8
442 62.7
443 62.7
444 62.7
445 62.7
446 62.6
447 62.6
448 62.6
449 62.6
450 62.6
451 62.6
452 62.6
453 62.6
454 62.6
455 62.6
456 62.6
457 62.6
458 62.6
459 62.6
460 62.6
461 62.6
462 62.6
463 62.6
464 62.6
465 62.6
466 62.6
467 62.6
468 62.6
469 62.6
470 62.6
471 62.6
472 62.8
473 62.8
474 62.8
475 62.8
476 62.8
477 62.8
478 62.7
479 62.7
480 62.7
481 62.7
482 62.7
483 62.7
484 62.7
485 62.7
486 62.7
487 62.7
488 62.7
489 62.6
490 62.6
491 62.6
492 62.6
493 62.6
494 62.6
495 62.6
496 62.6
497 62.6
498 62.6
499 62.6
500 62.6
501 62.6
502 62.5
503 62.5
504 62.5
505 62.5
506 62.5
507 62.5
508 62.5
509 62.5
510 62.5
511 62.5
512 62.5
513 62.5
514 62.5
515 62.5
516 62.5
517 62.5
518 62.5
519 62.5
520 62.5
521 62.5
522 62.5
523 62.6
524 62.6
525 62.6
526 62.6
527 62.6
528 62.6
529 62.6
530 62.6
531 62.6
532 62.6
533 62.6
534 62.6
535 62.6
536 62.6
537 62.6
538 62.6
539 62.6
540 62.6
541 62.5
542 62.5
543 62.5
544 62.5
545 62.5
546 62.5
547 62.5
548 62.5
549 62.5
550 62.5
551 62.4
552 62.4
553 62.4
554 62.4
555 62.4
556 62.4
557 62.4
558 62.4
559 62.4
560 62.4
561 62.4
562 62.4
563 62.4
564 62.4
565 62.4
566 62.4
567 62.4
568 62.4
569 62.4
570 62.4
571 62.4
572 62.4
573 62.4
574 62.3
575 62.4
576 62.4
577 62.4
578 62.4
579 62.4
580 62.4
581 62.4
582 62.4
583 62.4
584 62.4
585 62.4
586 62.5
587 62.4
588 62.4
589 62.4
590 62.4
591 62.4
592 62.4
593 62.4
594 62.4
595 62.4
596 62.4
597 62.4
598 62.4
599 62.4
600 62.4
601 62.4
602 62.4
603 61.8
604 61.7
605 61.7
606 61.6
607 61.6
608 61.9
609 62.0
610 62.6
611 62.9
612 63.4
613 63.8
614 64.2
615 64.7
616 65.1
617 65.7
618 65.2
619 64.9
620 65.3
621 63.1
622 62.8
623 63.2
624 63.5
625 64.0
626 64.5
627 65.0
628 65.3
629 65.0
630 64.9
631 64.0
632 63.3
633 62.5
634 61.8
635 62.3
636 62.9
637 63.4
638 63.5
639 63.4
640 63.9
641 64.3
642 63.7
643 64.2
644 64.7
645 65.2
646 63.5
647 63.9
648 63.4
649 63.8
650 64.3
651 63.8
652 64.2
653 63.6
654 64.1
655 64.6
656 64.1
657 64.4
658 64.8
659 64.2
660 63.7
661 63.1
662 63.5
663 64.0
664 64.4
665 64.0
666 63.7
667 64.3
668 64.8
669 65.0
670 64.3
671 65.1
672 65.1
673 63.7
674 64.1
675 63.6
676 64.1
677 64.5
678 65.2
679 64.7
680 65.3
681 66.2
682 65.4
683 65.6
684 66.4
685 67.2
686 68.2
687 68.1
688 68.1
689 67.2
690 66.1
691 65.9
692 66.2
693 65.9
694 64.6
695 65.3
696 65.9
