0 60.8
1 60.7
2 60.8
3 60.5
4 60.5
5 60.7
6 60.7
7 60.5
8 60.6
9 60.6
10 60.5
11 60.6
12 60.7
13 60.7
14 60.7
15 60.6
16 60.6
17 60.5
18 60.5
19 60.4
20 60.5
21 60.4
22 60.5
23 60.5
24 60.4
25 60.5
26 60.5
27 60.5
28 60.4
29 60.5
30 60.4
31 60.5
32 60.4
33 60.6
34 60.5
35 60.5
36 60.5
37 60.4
38 60.5
39 60.5
40 60.5
41 60.4
42 60.4
43 60.3
44 60.4
45 60.4
46 60.5
47 60.4
48 60.5
49 60.4
50 60.4
51 60.5
52 60.4
53 60.5
54 60.4
55 60.5
56 60.5
57 60.4
58 60.5
59 60.4
60 60.6
61 60.6
62 60.6
63 60.6
64 60.7
65 60.5
66 60.5
67 60.6
68 60.6
69 60.6
70 60.5
71 60.6
72 60.5
73 60.6
74 60.5
75 60.5
76 60.5
77 60.5
78 60.4
79 60.4
80 60.4
81 60.4
82 59.8
83 59.8
84 59.8
85 59.7
86 59.7
87 59.7
88 59.4
89 59.4
90 59.4
91 59.4
92 59.3
93 59.3
94 59.3
95 59.3
96 59.3
97 59.3
98 59.3
99 59.3
100 59.3
101 59.2
102 59.2
103 59.2
104 59.3
105 59.3
106 59.3
107 59.3
108 59.3
109 59.2
110 58.9
111 58.9
112 58.2
113 58.4
114 58.3
115 58.3
116 58.3
117 58.3
118 58.2
119 58.4
120 58.3
121 58.3
122 58.3
123 58.3
124 58.4
125 58.3
126 58.2
127 58.4
128 58.3
129 58.4
130 58.3
131 58.3
132 58.3
133 58.3
134 58.3
135 58.4
136 58.3
137 58.3
138 58.3
139 58.3
140 58.3
141 58.3
142 58.4
143 58.3
144 58.3
145 58.3
146 58.3
147 58.3
148 58.3
149 58.3
150 58.4
151 58.3
152 58.3
153 58.4
154 58.3
155 58.3
156 58.3
157 58.3
158 58.3
159 58.3
160 58.2
161 58.2
162 58.4
163 58.3
164 58.3
165 58.4
166 58.3
167 58.3
168 58.3
169 58.3
170 58.2
171 58.4
172 58.3
173 58.3
174 58.3
175 58.3
176 58.3
177 58.3
178 58.3
179 58.3
180 58.3
181 58.3
182 58.3
183 58.3
184 58.3
185 58.3
186 58.4
187 58.3
188 58.3
189 58.4
190 58.3
191 58.4
192 58.4
193 58.3
194 58.4
195 58.4
196 58.3
197 58.7
198 60.1
199 60.4
200 60.8
201 61.4
202 61.3
203 60.4
204 60.5
205 60.8
206 60.6
207 60.6
208 60.7
209 61.1
210 61.0
211 60.9
212 61.0
213 61.0
214 61.1
215 61.0
216 61.1
217 61.1
218 60.8
219 60.8
220 60.8
221 60.8
222 60.8
223 61.2
224 59.7
225 59.1
226 59.1
227 59.0
228 58.9
229 59.0
230 59.0
231 59.0
232 59.0
233 59.0
234 58.9
235 59.0
236 58.9
237 59.0
238 59.0
239 59.0
240 59.0
241 59.0
242 59.2
243 59.2
244 59.1
245 59.0
246 59.0
247 58.7
248 58.7
249 58.8
250 58.7
251 58.7
252 58.6
253 58.6
254 58.6
255 58.6
256 58.5
257 58.5
258 58.5
259 58.5
260 58.5
261 58.6
262 58.5
263 58.6
264 58.5
265 58.5
266 58.6
267 58.6
268 58.6
269 58.9
270 58.8
271 58.7
272 58.8
273 58.8
274 58.8
275 58.8
276 58.8
277 58.8
278 58.8
279 58.8
280 58.8
281 58.8
282 58.8
283 58.8
284 58.8
285 58.8
286 58.7
287 58.7
288 58.8
289 58.8
290 58.8
291 58.8
292 58.8
293 58.8
294 58.7
295 58.8
296 58.8
297 58.8
298 58.8
299 58.8
300 58.8
301 58.8
302 58.7
303 58.5
304 58.4
305 58.4
306 58.4
307 58.4
308 58.4
309 58.4
310 58.3
311 58.2
312 58.3
313 58.3
314 58.0
315 58.0
316 57.6
317 57.6
318 57.7
319 57.6
320 57.6
321 57.4
322 57.4
323 57.5
324 57.5
325 57.4
326 57.4
327 57.5
328 57.5
329 57.4
330 57.4
331 57.4
332 57.5
333 57.5
334 57.5
335 57.5
336 57.4
337 57.5
338 57.5
339 57.5
340 57.5
341 57.5
342 57.5
343 57.6
344 57.6
345 57.6
346 57.5
347 57.6
348 57.5
349 57.5
350 57.5
351 57.4
352 57.4
353 57.5
354 57.5
355 57.5
356 57.5
357 57.4
358 57.5
359 57.5
360 57.4
361 57.4
362 57.4
363 57.5
364 57.5
365 57.5
366 57.4
367 57.4
368 57.4
369 57.5
370 57.5
371 57.5
372 57.4
373 57.4
374 57.5
375 57.5
376 57.4
377 57.5
378 57.5
379 57.4
380 57.4
381 57.5
382 57.5
383 57.5
384 57.4
385 57.4
386 57.4
387 57.4
388 57.5
389 57.5
390 57.4
391 57.4
392 57.5
393 57.5
394 57.5
395 57.4
396 57.4
397 57.4
398 57.5
399 57.5
400 57.5
401 57.4
402 57.4
403 57.5
404 57.5
405 57.4
406 57.4
407 57.4
408 57.4
409 57.5
410 57.4
411 57.4
412 57.4
413 57.4
414 57.4
415 57.3
416 57.5
417 57.5
418 57.4
419 57.4
420 57.4
421 57.3
422 57.3
423 57.5
424 57.4
425 57.4
426 57.4
427 57.4
428 57.3
429 57.4
430 57.4
431 57.4
432 57.4
433 57.5
434 57.4
435 57.4
436 57.4
437 57.3
438 57.3
439 57.3
440 57.4
441 57.4
442 57.4
443 57.4
444 57.3
445 57.6
446 57.5
447 57.7
448 57.7
449 57.6
450 57.5
451 57.5
452 57.5
453 57.5
454 57.5
455 57.4
456 57.4
457 57.4
458 57.3
459 57.3
460 57.4
461 57.3
462 57.3
463 57.3
464 57.3
465 57.3
466 57.4
467 57.3
468 57.3
469 57.3
470 57.3
471 57.4
472 57.3
473 57.3
474 57.3
475 57.3
476 57.2
477 57.4
478 57.3
479 57.3
480 57.3
481 57.3
482 57.4
483 57.4
484 57.4
485 57.5
486 57.7
487 57.6
488 57.7
489 57.7
490 57.6
491 57.6
492 57.6
493 57.6
494 57.7
495 57.7
496 57.7
497 57.7
498 57.8
499 57.8
500 57.7
501 57.7
502 57.6
503 57.7
504 57.7
505 57.7
506 57.7
507 57.6
508 57.6
509 57.7
510 57.7
511 57.6
512 57.6
513 57.6
514 57.7
515 57.7
516 57.7
517 57.6
518 57.6
519 57.6
520 57.7
521 57.7
522 57.6
523 57.6
524 57.7
525 57.7
526 57.7
