0 49.5
1 49.5
2 49.4
3 49.3
4 49.6
5 49.7
6 49.9
7 49.8
8 49.8
9 49.8
10 49.8
11 49.8
12 50.0
13 50.4
14 50.8
15 51.3
16 51.6
17 51.6
18 51.6
19 51.6
20 51.4
21 51.4
22 51.4
23 51.4
24 51.3
25 51.3
26 51.3
27 51.2
28 51.3
29 51.3
30 51.3
31 51.2
32 51.2
33 51.2
34 51.2
35 51.2
36 51.2
37 51.1
38 51.0
39 51.1
40 51.1
41 51.1
42 51.1
43 51.1
44 51.6
45 51.7
46 52.0
47 51.8
48 51.8
49 51.7
50 51.8
51 51.9
52 52.6
53 53.0
54 52.1
55 51.6
56 51.7
57 51.7
58 51.6
59 51.7
60 51.5
61 52.8
62 54.1
63 55.8
64 55.1
65 53.8
66 50.1
67 50.0
68 50.0
69 50.0
70 49.6
71 49.6
72 49.6
73 49.6
74 49.5
75 49.6
76 49.6
77 49.6
78 49.6
79 49.6
80 49.6
81 49.6
82 49.6
83 49.6
84 49.5
85 49.5
86 49.5
87 49.5
88 49.5
89 49.5
90 49.5
91 49.5
92 49.5
93 49.5
94 49.5
95 49.5
96 49.5
97 49.5
98 49.5
99 49.5
100 49.4
101 49.5
102 49.5
103 49.5
104 49.5
105 49.5
106 49.5
107 49.5
108 49.5
109 49.5
110 49.4
111 49.3
112 49.4
113 49.4
114 49.4
115 49.2
116 49.5
117 49.5
118 49.5
119 49.5
120 49.5
121 49.2
122 49.2
123 49.2
124 49.2
125 49.2
126 49.2
127 49.2
128 49.1
129 49.1
130 49.1
131 49.1
132 49.1
133 49.1
134 49.1
135 49.1
136 49.1
137 49.1
138 49.1
139 49.1
140 49.1
141 49.1
142 49.1
143 49.1
144 49.1
145 49.1
146 49.0
147 48.9
148 48.9
149 48.9
150 48.9
151 48.9
152 48.9
153 48.9
154 48.9
155 48.9
156 48.9
157 48.8
158 48.8
159 48.7
160 48.7
161 48.8
162 49.0
163 49.2
164 48.2
165 48.1
166 48.1
167 48.4
168 48.4
169 48.3
170 48.4
171 48.4
172 48.1
173 48.1
174 48.1
175 48.1
176 48.2
177 48.3
178 48.4
179 49.2
180 49.7
181 49.0
182 49.0
183 49.0
184 49.0
185 49.0
186 49.0
187 49.0
188 49.0
189 49.3
190 48.9
191 48.9
192 48.9
193 48.8
194 48.7
195 48.7
196 48.7
197 48.7
198 48.7
199 48.7
200 48.7
201 48.7
202 48.7
203 48.7
204 48.7
205 48.7
206 48.7
207 48.7
208 48.7
209 48.7
210 48.7
211 48.7
212 48.7
213 48.7
214 48.7
215 48.6
216 48.6
217 48.6
218 48.9
219 48.9
220 48.9
221 48.9
222 48.9
223 48.6
224 48.6
225 48.6
226 48.6
227 48.6
228 48.6
229 48.6
230 48.7
231 48.9
232 48.8
233 48.9
234 48.9
235 48.9
236 48.8
237 48.8
238 48.8
239 48.8
240 48.8
241 48.8
242 48.8
243 48.8
244 48.8
245 48.8
246 48.8
247 48.8
248 48.8
249 48.8
250 48.8
251 48.8
252 48.8
253 48.8
254 48.8
255 48.7
256 48.7
257 48.7
258 48.7
259 48.7
260 48.7
261 48.7
262 48.7
263 48.7
264 48.7
265 48.7
266 48.7
267 48.7
268 48.7
269 49.0
270 49.0
271 49.0
272 49.0
273 49.0
274 48.7
275 48.7
276 48.7
277 48.7
278 48.6
279 48.6
280 48.6
281 48.6
282 48.5
283 48.6
284 48.6
285 48.4
286 48.5
287 48.5
288 48.4
289 48.4
290 48.4
291 48.4
292 48.4
293 48.4
294 48.4
295 48.4
296 48.4
297 48.4
298 48.4
299 48.4
300 48.4
301 48.3
302 48.4
303 48.4
304 48.4
305 48.4
306 48.4
307 48.4
308 48.4
309 48.4
310 48.4
311 48.3
312 48.3
313 48.3
314 48.3
315 48.3
316 48.3
317 48.3
318 48.3
319 48.3
320 48.6
321 48.5
322 48.6
323 48.6
324 48.6
325 48.3
326 48.3
327 48.3
328 48.3
329 48.3
330 48.2
331 48.2
332 48.2
333 48.1
334 48.1
335 48.1
336 48.1
337 48.1
338 48.1
339 48.1
340 48.1
341 48.1
342 48.1
343 48.1
344 48.1
345 48.1
346 48.1
347 48.1
348 48.1
349 48.1
350 48.1
351 48.1
352 48.1
353 48.1
354 48.1
355 48.1
356 48.1
357 48.1
358 48.1
359 48.1
360 48.1
361 48.1
362 48.1
363 48.1
364 48.1
365 48.1
366 48.1
367 48.1
368 48.1
369 48.1
370 48.1
371 48.1
372 48.4
373 48.4
374 48.4
375 48.4
376 48.1
377 48.1
378 48.9
379 49.3
380 49.7
381 49.8
382 50.0
383 49.9
384 49.9
385 49.9
386 49.8
387 49.9
388 49.9
389 49.9
390 50.4
391 50.9
392 50.9
393 51.0
394 51.0
395 51.2
396 51.2
397 51.9
398 52.4
399 52.9
400 53.6
401 54.0
402 54.1
403 54.8
404 55.5
405 55.7
406 54.6
407 54.6
408 54.5
409 54.5
410 54.5
411 54.6
412 54.6
413 54.7
414 54.7
415 54.7
416 54.6
417 54.6
418 54.6
419 54.5
420 54.6
421 54.6
422 54.6
423 54.9
424 55.0
425 55.0
426 54.9
427 54.9
428 54.4
429 54.4
430 54.3
431 54.3
432 54.3
433 54.4
434 54.5
435 54.4
436 54.4
437 54.4
438 54.4
439 54.4
440 54.5
441 54.5
442 54.5
443 54.6
444 54.6
445 54.6
446 54.6
447 54.7
448 54.8
449 54.7
450 54.8
451 54.8
452 54.7
453 54.7
454 54.7
455 54.7
456 54.7
457 54.7
458 54.8
459 54.8
460 54.8
461 54.8
462 54.6
463 54.6
464 54.7
465 54.7
466 54.7
467 54.7
468 54.7
469 54.7
470 54.7
471 54.7
472 54.7
473 54.5
474 54.3
475 54.4
476 54.4
477 54.4
478 54.3
479 54.3
480 54.3
481 54.3
482 54.3
483 54.3
484 54.3
485 54.3
486 54.3
487 54.3
488 54.3
489 54.2
490 54.2
491 54.2
492 54.2
493 54.2
494 54.2
495 54.2
496 54.2
497 54.2
498 54.2
499 54.2
500 54.2
501 54.2
502 54.2
503 54.2
504 54.2
505 54.2
506 54.2
507 54.2
508 54.2
509 54.2
510 54.2
511 54.2
512 54.2
513 54.2
514 54.2
515 54.2
516 54.2
517 54.2
518 54.2
519 54.2
520 54.2
521 54.2
522 54.2
523 54.2
524 54.2
525 54.2
526 54.2
527 54.1
528 54.1
529 54.1
530 54.1
531 54.1
532 54.1
533 54.1
534 54.1
535 54.1
536 54.1
537 54.0
538 54.0
539 54.0
540 54.0
541 54.0
542 54.0
543 54.0
544 54.0
545 53.9
546 53.9
547 54.0
548 54.0
549 54.0
550 54.0
551 54.0
552 54.0
553 54.0
554 53.9
555 53.9
556 54.0
557 54.0
558 54.0
559 53.9
560 53.9
561 53.9
562 53.9
563 53.9
564 53.9
565 53.9
566 53.9
567 53.9
568 53.9
569 53.9
570 53.9
571 53.9
572 53.9
573 53.9
574 53.9
575 53.9
576 53.9
577 53.9
578 53.9
579 53.9
580 53.9
581 53.9
582 53.9
583 53.9
584 53.9
585 53.9
586 53.9
587 53.9
588 53.9
589 53.9
590 53.9
591 53.9
592 53.9
593 53.9
594 53.9
595 53.9
596 53.9
597 53.9
598 53.9
599 53.9
600 53.9
601 53.9
602 53.9
603 53.9
604 53.9
605 53.9
606 53.9
607 53.9
608 53.9
609 53.9
610 53.9
611 53.9
612 53.9
613 53.9
614 53.9
615 53.9
616 54.0
617 54.0
618 54.0
619 54.0
620 54.0
621 53.9
622 54.0
623 54.0
624 53.9
625 53.8
626 53.9
627 53.9
628 53.8
629 53.8
630 53.9
631 53.9
632 53.9
633 53.9
634 53.9
635 53.9
636 53.9
637 53.8
638 53.8
639 53.8
640 53.8
641 53.8
642 53.8
643 53.8
644 53.8
645 53.8
646 53.8
647 53.8
648 53.8
649 53.8
650 53.8
651 53.8
652 53.8
653 53.8
654 53.8
655 53.8
656 53.8
657 53.8
658 53.8
659 53.8
660 53.8
661 53.8
662 53.8
663 53.8
664 53.8
665 53.8
666 53.8
667 53.8
668 53.8
669 53.8
670 53.8
671 53.8
672 53.8
673 53.8
674 53.8
675 53.8
676 53.8
677 53.8
678 53.8
679 53.8
680 53.8
681 53.7
682 53.8
683 53.8
684 53.8
685 53.8
686 53.8
687 53.8
688 53.8
689 53.8
690 53.8
691 53.8
692 53.8
693 53.8
694 52.0
695 51.7
696 51.7
697 51.7
698 51.7
699 51.7
700 51.7
701 51.7
702 51.7
703 52.4
704 52.5
705 52.5
706 52.5
707 52.5
708 52.5
709 52.5
710 52.5
711 52.5
712 52.5
713 52.5
714 52.4
715 52.4
716 52.4
717 52.4
718 52.4
719 52.4
720 52.4
721 52.4
722 52.4
723 52.4
724 52.4
725 52.4
726 52.4
727 52.4
728 52.4
729 52.4
730 52.4
731 52.4
732 52.4
733 52.4
734 52.4
735 52.4
736 52.4
737 52.4
738 52.4
739 52.4
740 52.4
741 52.4
742 52.4
743 52.4
744 52.4
745 52.4
746 52.4
747 52.4
748 52.4
749 52.4
750 52.4
751 52.4
752 52.4
753 52.4
754 52.4
755 52.4
756 52.4
757 52.4
758 52.4
759 52.4
760 52.4
761 52.4
762 52.4
763 52.4
764 52.4
765 52.4
766 52.4
767 52.4
768 52.4
769 52.4
770 52.4
771 52.4
772 52.4
773 52.4
774 52.4
775 52.4
776 52.4
777 52.4
778 52.4
779 52.4
780 52.4
781 52.4
782 52.4
783 52.4
784 52.4
785 52.4
786 52.4
787 52.4
788 52.4
789 52.4
790 52.4
791 52.4
792 52.4
793 52.4
794 52.4
795 52.4
796 52.4
797 52.4
798 52.2
799 52.2
800 52.2
801 52.2
802 52.2
803 52.1
804 52.1
805 52.1
806 52.1
807 52.1
808 53.0
809 53.3
810 53.1
811 53.0
812 53.0
813 52.8
814 52.7
815 52.7
816 52.7
817 52.9
818 52.9
