0 61.4
1 61.1
2 60.5
3 60.5
4 60.5
5 60.8
6 60.8
7 60.8
8 60.8
9 60.8
10 60.6
11 60.6
12 60.7
13 61.0
14 61.2
15 61.1
16 61.1
17 61.1
18 61.1
19 60.9
20 60.9
21 60.9
22 60.9
23 60.9
24 60.9
25 60.8
26 60.9
27 60.9
28 60.9
29 60.9
30 60.9
31 60.9
32 60.9
33 60.9
34 60.9
35 60.9
36 60.9
37 60.9
38 60.9
39 60.8
40 60.8
41 63.3
42 63.7
43 66.9
44 65.3
45 65.4
46 65.3
47 65.1
48 63.1
49 63.1
50 63.1
51 63.1
52 63.1
53 63.1
54 63.1
55 63.1
56 63.1
57 63.1
58 63.1
59 63.1
60 62.8
61 62.8
62 62.8
63 62.8
64 62.2
65 62.2
66 62.2
67 62.2
68 62.2
69 62.2
70 62.2
71 62.2
72 62.2
73 62.2
74 62.2
75 62.2
76 62.2
77 62.2
78 62.2
79 62.2
80 62.2
81 62.2
82 62.2
83 62.2
84 62.2
85 62.2
86 62.2
87 62.2
88 62.2
89 62.2
90 62.1
91 62.1
92 62.1
93 62.1
94 62.3
95 62.3
96 62.3
97 62.3
98 62.3
99 62.1
100 62.1
101 62.1
102 62.1
103 62.1
104 62.1
105 62.1
106 62.0
107 62.0
108 62.0
109 62.0
110 62.0
111 62.0
112 62.0
113 62.0
114 62.0
115 61.9
116 61.9
117 61.9
118 61.9
119 61.9
120 61.9
121 61.9
122 61.9
123 61.9
124 61.9
125 61.9
126 61.9
127 61.9
128 61.9
129 61.9
130 61.9
131 61.9
132 61.9
133 61.9
134 61.9
135 61.8
136 61.8
137 61.8
138 61.5
139 61.5
140 61.5
141 61.5
142 61.5
143 61.5
144 61.5
145 61.7
146 61.7
147 61.7
148 61.7
149 61.7
150 61.5
151 61.5
152 61.5
153 61.5
154 61.5
155 61.5
156 61.5
157 61.5
158 61.5
159 61.5
160 61.5
161 61.5
162 61.4
163 61.4
164 61.4
165 61.4
166 61.4
167 61.4
168 61.4
169 61.4
170 61.4
171 61.4
172 61.4
173 61.4
174 61.4
175 61.4
176 61.4
177 61.3
178 60.7
179 60.7
180 60.7
181 60.7
182 60.7
183 60.7
184 60.7
185 60.7
186 60.7
187 60.7
188 60.7
189 60.7
190 60.7
191 60.7
192 60.7
193 60.7
194 60.7
195 60.7
196 61.0
197 61.1
198 61.1
199 61.1
200 61.1
201 60.9
202 60.9
203 60.9
204 60.9
205 61.9
206 62.2
207 62.0
208 62.0
209 62.0
210 62.0
211 62.0
212 62.0
213 62.4
214 61.6
215 60.4
216 60.4
217 60.3
218 60.4
219 60.4
220 60.4
221 60.4
222 60.4
223 60.4
224 60.3
225 60.3
226 60.3
227 60.3
228 60.3
229 60.3
230 60.3
231 60.3
232 60.3
233 60.3
234 60.3
235 60.3
236 60.3
237 60.3
238 60.3
239 60.3
240 60.3
241 60.3
242 60.3
243 60.2
244 60.2
245 60.2
246 60.2
247 60.2
248 60.5
249 60.5
250 60.5
251 60.4
252 60.4
253 60.0
254 59.8
255 59.8
256 59.7
257 59.7
258 59.7
259 59.7
260 59.7
261 59.6
262 59.6
263 59.6
264 59.6
265 59.6
266 59.6
267 59.6
268 59.6
269 59.6
270 59.6
271 59.6
272 59.6
273 59.6
274 59.6
275 59.6
276 59.6
277 59.9
278 59.7
279 59.7
280 59.7
281 59.7
282 59.7
283 59.6
284 59.6
285 59.6
286 59.6
287 59.6
288 59.6
289 59.6
290 59.6
291 59.6
292 59.5
293 59.5
294 59.5
295 59.5
296 59.5
297 59.5
298 59.5
299 59.7
300 59.7
301 59.7
302 59.5
303 59.5
304 59.3
305 59.2
306 59.2
307 59.2
308 59.2
309 59.2
310 59.2
311 59.1
312 59.1
313 59.1
314 59.1
315 59.1
316 59.1
317 59.1
318 59.0
319 59.0
320 59.0
321 59.0
322 59.0
323 59.0
324 59.0
325 59.0
326 59.0
327 58.9
328 58.9
329 58.9
330 58.9
331 58.9
332 58.8
333 58.8
334 58.8
335 58.8
336 58.8
337 58.8
338 58.8
339 58.8
340 58.8
341 58.8
342 58.8
343 58.8
344 58.8
345 58.8
346 58.7
347 58.7
348 58.7
349 58.7
350 58.7
351 59.0
352 59.0
353 59.0
354 59.0
355 59.0
356 58.7
357 58.7
358 58.7
359 58.7
360 58.7
361 58.7
362 58.5
363 58.5
364 58.5
365 58.5
366 58.5
367 58.5
368 58.4
369 58.4
370 58.4
371 58.4
372 58.4
373 58.4
374 58.3
375 58.3
376 58.3
377 58.3
378 58.3
379 58.3
380 58.3
381 58.3
382 58.3
383 58.3
384 58.3
385 58.3
386 58.2
387 58.2
388 58.2
389 58.2
390 58.2
391 58.2
392 58.2
393 58.1
394 58.1
395 58.1
396 58.1
397 58.1
398 58.1
399 58.1
400 58.1
401 58.1
402 58.1
403 58.3
404 58.3
405 58.3
406 58.3
407 58.3
408 58.1
409 58.0
410 58.0
411 58.0
412 58.0
413 58.0
414 58.0
415 58.0
416 58.0
417 57.4
418 57.4
419 57.4
420 57.4
421 57.3
422 57.3
423 57.3
424 57.3
425 57.3
426 57.2
427 57.2
428 57.2
429 57.2
430 57.2
431 57.2
432 57.2
433 57.2
434 57.1
435 57.1
436 57.1
437 57.1
438 57.1
439 57.1
440 57.1
441 57.1
442 57.1
443 57.1
444 57.0
445 57.0
446 57.0
447 57.0
448 57.0
449 57.0
450 57.0
451 57.0
452 57.0
453 56.9
454 56.9
455 57.1
456 57.0
457 57.1
458 57.1
459 57.1
460 56.9
461 56.9
462 56.9
463 56.8
464 56.8
465 56.8
466 56.8
467 56.8
468 56.7
469 56.7
470 56.7
471 56.7
472 56.7
473 56.7
474 56.7
475 56.7
476 56.7
