0 62.1
1 62.1
2 61.9
3 61.9
4 61.9
5 61.8
6 61.7
7 61.8
8 61.7
9 61.7
10 61.6
11 61.5
12 61.5
13 61.5
14 61.5
15 61.5
16 61.5
17 61.5
18 61.5
19 61.5
20 61.5
21 61.6
22 61.7
23 61.6
24 61.7
25 61.7
26 61.6
27 61.7
28 61.7
29 61.6
30 61.7
31 61.6
32 61.6
33 61.6
34 62.3
35 62.6
36 62.8
37 62.7
38 62.7
39 62.6
40 62.6
41 62.6
42 62.5
43 62.6
44 62.4
45 62.4
46 62.4
47 62.4
48 62.3
49 62.4
50 62.3
51 62.3
52 62.3
53 62.3
54 61.9
55 61.9
56 62.0
57 62.0
58 61.9
59 61.9
60 61.9
61 61.9
62 61.9
63 61.9
64 61.9
65 61.9
66 61.9
67 61.9
68 61.9
69 61.8
70 61.9
71 61.8
72 61.9
73 61.9
74 61.8
75 61.9
76 61.8
77 61.9
78 61.8
79 61.8
80 61.8
81 61.8
82 61.6
83 61.6
84 61.6
85 61.6
86 61.7
87 61.6
88 61.7
89 61.7
90 61.6
91 61.7
92 61.7
93 61.7
94 61.7
95 61.7
96 61.7
97 61.7
98 61.7
99 61.7
100 61.7
101 61.7
102 61.6
103 61.6
104 61.6
105 61.6
106 61.6
107 61.6
108 61.6
109 61.6
110 61.6
111 61.6
112 61.6
113 61.6
114 61.7
115 61.7
116 61.8
117 61.7
118 61.7
119 61.7
120 61.7
121 61.8
122 61.7
123 61.8
124 61.7
125 61.7
126 61.7
127 61.7
128 61.7
129 61.7
130 61.4
131 61.4
132 61.4
133 61.4
134 61.4
135 61.4
136 61.4
137 61.4
138 61.3
139 61.3
140 61.3
141 61.2
142 61.3
143 61.2
144 61.2
145 61.2
146 61.2
147 61.3
148 61.2
149 61.2
150 61.2
151 61.2
152 61.2
153 61.2
154 61.2
155 61.2
156 61.2
157 61.2
158 61.2
159 61.2
160 61.2
161 61.2
162 61.0
163 61.0
164 61.0
165 61.0
166 61.1
167 61.0
168 61.1
169 61.0
170 61.1
171 61.1
172 61.0
173 61.1
174 61.0
175 61.2
176 63.7
177 63.8
178 63.9
179 63.7
180 63.7
181 63.7
182 63.0
183 62.9
184 63.0
185 63.0
186 62.9
187 64.0
188 64.1
189 65.2
190 65.2
191 65.3
192 65.4
193 65.8
194 65.8
195 65.9
196 65.9
197 66.1
198 66.4
199 67.2
200 67.7
201 67.9
202 68.0
203 68.4
204 68.0
205 68.1
206 68.2
207 69.5
208 67.8
209 67.7
210 65.3
211 65.4
212 65.2
213 65.0
214 65.1
215 65.4
216 65.6
217 65.7
218 65.7
219 65.6
220 65.5
221 65.5
222 65.5
223 65.4
224 65.5
225 64.8
226 65.0
227 64.1
228 64.6
229 65.0
230 65.2
231 65.6
232 65.5
233 65.7
234 65.7
235 65.7
236 65.6
237 65.5
238 65.6
239 65.6
240 65.6
241 65.6
242 65.6
243 65.4
244 65.4
245 65.1
246 65.1
247 65.0
248 65.0
249 65.0
250 65.0
251 64.9
252 64.9
253 64.9
254 64.9
255 64.8
256 64.7
257 64.8
258 64.7
259 64.3
260 64.3
261 64.3
262 64.2
263 64.2
264 64.2
265 64.3
266 64.5
267 64.7
268 64.5
269 64.6
270 64.6
271 64.5
272 64.5
273 63.8
274 63.8
275 63.8
276 63.8
277 63.8
278 63.8
279 63.8
280 63.8
281 63.8
282 63.8
283 63.8
284 63.4
285 63.5
286 63.5
287 63.5
288 63.5
289 63.5
290 63.5
291 63.4
292 63.5
293 63.5
294 63.7
295 63.7
296 63.7
297 63.4
298 63.4
299 63.5
300 63.4
301 63.4
302 63.3
303 63.4
304 63.4
305 63.4
306 63.4
307 63.4
308 63.4
309 63.4
310 63.4
311 63.3
312 63.4
313 63.4
314 63.3
315 63.5
316 63.5
317 63.5
318 63.5
319 63.5
320 63.5
321 63.4
322 63.3
323 63.4
324 63.5
325 63.4
326 63.4
327 63.5
328 63.4
329 63.5
330 63.4
331 63.5
332 63.5
333 63.5
334 63.4
335 63.4
336 63.3
337 63.4
338 63.4
339 63.3
340 63.4
341 63.4
342 63.4
343 63.4
344 63.4
345 63.4
346 63.4
347 63.3
348 63.4
349 63.4
350 63.4
351 63.4
352 63.3
353 63.3
354 63.4
355 63.3
356 63.4
357 63.4
358 63.4
359 63.3
360 63.3
361 63.4
362 63.4
363 63.4
364 63.3
365 63.3
366 63.4
367 63.4
368 63.2
369 62.6
370 62.7
371 62.7
372 62.8
373 62.7
374 62.7
375 62.7
376 62.7
377 62.7
378 62.7
379 62.7
380 62.7
381 62.7
382 62.7
383 62.7
384 62.7
385 62.7
386 62.7
387 62.7
388 62.7
389 62.7
390 62.8
391 62.7
392 62.7
393 62.7
394 62.7
395 62.7
396 62.7
397 62.7
398 62.7
399 62.7
400 62.7
401 62.7
402 62.7
403 62.7
404 62.7
405 62.7
406 62.8
407 62.8
408 62.8
409 62.7
410 62.7
411 62.8
412 62.8
413 62.8
414 62.6
415 62.7
416 62.7
417 62.7
418 62.8
419 62.9
420 62.9
421 62.8
422 63.0
423 63.0
424 63.0
425 63.3
426 64.1
427 64.2
428 64.1
429 64.0
430 64.1
431 64.0
432 64.0
433 64.0
434 64.0
435 64.0
436 64.0
437 63.9
438 63.9
439 63.9
440 63.8
441 63.8
442 63.8
443 63.7
444 63.7
445 63.5
446 63.7
447 63.6
448 63.6
449 63.6
450 63.6
451 63.6
452 63.6
453 63.6
454 63.6
455 63.6
456 63.6
457 63.6
458 63.6
459 63.6
460 63.6
461 63.6
462 64.0
463 64.2
464 61.1
465 58.4
466 58.1
467 58.0
468 57.8
469 57.4
470 57.2
471 57.2
472 57.1
473 57.1
474 57.2
475 57.2
476 56.9
477 56.8
478 56.8
479 56.8
480 56.7
481 56.8
482 56.7
483 56.8
484 56.7
485 56.8
486 56.7
487 56.8
488 54.6
489 54.7
490 54.7
491 54.6
492 54.6
493 54.6
494 54.6
495 54.6
496 54.6
497 54.6
498 54.6
499 54.6
500 54.6
501 54.6
502 54.6
503 54.6
504 54.6
505 54.6
506 54.6
507 54.6
508 54.6
509 54.6
510 54.6
511 54.6
512 54.6
513 54.7
514 54.8
515 54.7
516 54.7
517 54.7
518 54.8
519 54.7
520 54.8
521 54.7
522 54.8
523 54.7
524 54.8
525 54.8
526 54.8
527 54.7
528 54.7
529 54.7
530 54.8
531 54.7
532 54.7
533 54.8
534 54.7
535 54.8
536 54.7
537 54.6
538 54.6
539 54.6
540 54.6
541 54.6
542 54.6
543 54.6
544 54.6
545 54.6
546 54.5
547 54.6
548 54.5
549 54.6
550 54.6
551 54.6
552 54.3
553 54.3
554 54.3
555 54.3
556 54.3
557 54.3
558 54.3
559 54.3
560 54.3
561 54.3
562 54.3
563 54.3
564 54.3
565 54.3
566 54.3
567 54.3
568 54.3
569 54.3
570 54.3
571 54.3
572 54.3
573 54.3
574 54.3
575 54.3
576 54.3
577 54.4
578 54.3
579 54.4
580 54.3
581 54.3
582 54.3
583 54.4
584 54.3
585 54.3
586 54.3
587 54.3
588 54.3
589 54.3
590 54.3
591 54.3
592 54.3
593 54.3
594 54.2
595 54.3
596 54.3
597 54.3
598 54.2
599 54.3
600 54.3
601 54.3
602 54.3
603 54.3
604 54.3
605 54.3
606 54.3
607 54.5
608 54.4
609 54.4
610 54.4
611 54.4
612 54.4
613 54.4
614 54.5
615 54.4
616 54.4
617 54.4
618 54.4
619 54.4
620 54.4
621 54.4
622 54.4
623 54.4
624 54.4
625 54.4
626 54.4
627 54.5
628 54.5
629 54.4
630 54.3
631 54.3
632 54.3
633 54.3
634 54.3
635 54.3
636 54.3
637 54.2
638 54.2
639 54.2
640 54.3
641 54.2
642 54.3
643 54.2
644 54.3
645 54.2
646 54.3
647 54.2
648 54.3
649 54.2
650 54.2
651 54.2
652 54.2
653 54.3
654 54.2
655 54.3
656 54.2
657 54.3
658 54.3
659 54.2
660 54.4
661 54.4
662 54.4
663 55.1
664 55.1
665 55.1
666 55.1
667 55.1
668 55.1
669 55.1
670 55.1
671 55.1
672 55.3
673 55.3
674 55.3
675 55.3
676 55.3
677 55.3
678 55.2
679 55.2
680 55.2
681 55.1
682 55.2
683 55.2
684 55.2
685 55.1
686 55.1
687 55.1
688 55.2
689 55.2
690 55.1
691 55.2
692 55.2
693 55.1
694 55.1
695 55.1
696 55.1
697 55.1
698 55.1
699 55.1
700 55.1
701 55.2
702 54.5
703 54.5
704 54.5
