0 52.2
1 52.2
2 52.2
3 52.0
4 52.0
5 52.0
6 51.5
7 51.5
8 51.5
9 51.5
10 51.5
11 51.5
12 51.5
13 51.5
14 51.5
15 51.5
16 51.5
17 51.5
18 51.5
19 51.5
20 52.0
21 52.0
22 52.0
23 52.0
24 52.0
25 51.7
26 51.7
27 51.7
28 51.7
29 51.7
30 51.7
31 51.7
32 51.7
33 51.7
34 51.7
35 51.7
36 51.7
37 51.7
38 51.7
39 51.7
40 51.7
41 51.7
42 51.6
43 51.7
44 51.7
45 51.7
46 51.7
47 52.1
48 50.6
49 50.6
50 50.6
51 50.6
52 50.6
53 50.6
54 50.6
55 50.6
56 50.6
57 50.6
58 50.6
59 50.6
60 50.6
61 50.6
62 50.6
63 50.7
64 50.8
65 50.7
66 50.7
67 50.7
68 50.6
69 50.6
70 50.6
71 50.9
72 50.9
73 50.9
74 50.9
75 50.9
76 50.7
77 50.7
78 50.7
79 50.7
80 50.7
81 50.7
82 50.7
83 50.7
84 50.6
85 50.6
86 49.8
87 49.8
88 49.8
89 49.8
90 49.8
91 49.8
92 49.8
93 49.9
94 49.9
95 49.9
96 49.9
97 49.8
98 49.8
99 49.8
100 49.8
101 49.8
102 49.8
103 49.8
104 49.7
105 49.8
106 49.7
107 49.8
108 49.7
109 49.7
110 49.7
111 49.7
112 49.7
113 49.7
114 49.7
115 49.7
116 49.7
117 49.7
118 49.7
119 49.7
120 49.7
121 49.7
122 50.0
123 50.0
124 50.0
125 50.0
126 50.1
127 49.9
128 49.9
129 49.9
130 49.7
131 49.7
132 49.7
133 49.7
134 49.7
135 49.7
136 49.7
137 49.7
138 49.7
139 49.7
140 49.7
141 49.7
142 49.7
143 49.7
144 49.7
145 49.7
146 49.7
147 49.7
148 49.7
149 49.7
150 49.7
151 49.7
152 49.7
153 49.7
154 49.7
155 49.7
156 49.7
157 49.7
158 49.7
159 49.7
160 49.7
161 49.7
162 49.7
163 49.7
164 49.7
165 49.7
166 49.7
167 49.7
168 49.7
169 49.7
170 49.7
171 49.7
172 49.7
173 50.0
174 50.0
175 50.0
176 50.0
177 50.0
178 49.7
179 49.7
180 49.7
181 49.7
182 49.7
183 49.7
184 49.7
185 49.7
186 49.7
187 49.7
188 49.8
189 50.9
190 52.0
191 52.4
192 52.7
193 53.1
194 52.8
195 53.3
196 53.6
197 53.9
198 54.1
199 54.1
200 52.7
201 52.9
202 53.2
203 52.9
204 53.1
205 53.1
206 52.9
207 52.9
208 53.1
209 53.5
210 53.3
211 53.3
212 53.5
213 53.5
214 53.5
215 53.3
216 53.9
217 54.0
218 53.6
219 53.7
220 53.5
221 53.9
222 53.7
223 53.7
224 53.7
225 53.9
226 54.3
227 54.2
228 54.3
229 54.1
230 54.0
231 54.0
232 54.0
233 53.9
234 53.9
235 53.9
236 53.9
237 53.9
238 53.6
239 54.0
240 53.9
241 53.8
242 53.7
243 53.7
244 53.8
245 53.8
246 53.7
247 53.7
248 53.8
249 53.7
250 53.7
251 53.7
252 53.9
253 54.1
254 53.9
255 53.9
256 53.9
257 53.9
258 53.9
259 54.0
260 53.9
261 53.8
262 53.9
263 53.9
264 53.9
265 53.9
266 53.9
267 53.9
268 53.9
269 53.8
270 53.8
271 53.9
272 53.9
273 53.9
274 53.9
275 53.9
276 54.0
277 54.0
278 54.0
279 54.0
280 54.0
281 53.8
282 53.9
283 53.9
284 53.9
285 53.8
286 53.8
287 53.8
288 53.8
289 53.8
290 53.8
291 53.8
292 53.9
293 53.9
294 53.9
295 53.9
296 53.8
297 53.9
298 53.8
299 53.8
300 53.9
301 53.9
302 53.9
303 53.9
304 53.9
305 53.8
306 53.8
307 53.9
308 53.9
309 53.9
310 53.5
311 53.5
312 53.5
313 53.5
314 53.5
315 53.5
316 53.5
317 53.5
318 53.5
319 53.4
320 53.4
321 53.5
322 53.5
323 53.4
324 53.4
325 53.5
326 53.5
327 53.5
328 53.7
329 53.7
330 53.7
331 53.7
332 53.3
333 53.5
334 53.5
335 53.4
336 53.3
337 53.4
338 53.4
339 53.5
340 53.4
341 53.4
342 53.4
343 53.4
344 53.4
345 53.4
346 53.4
347 53.4
348 53.4
349 53.4
350 53.4
351 53.4
352 53.4
353 53.4
354 53.4
355 53.4
356 53.4
357 53.4
358 53.4
359 53.4
360 53.4
361 53.4
362 53.4
363 53.3
364 53.4
365 53.4
366 53.3
367 53.4
368 53.4
369 53.4
370 53.4
371 53.3
372 53.3
373 53.3
374 53.4
375 53.3
376 53.3
377 53.3
378 53.3
379 53.5
380 53.5
381 53.5
382 53.5
383 53.5
384 53.4
385 53.4
386 53.4
387 53.4
388 53.2
389 53.2
390 53.2
391 53.2
392 53.2
393 53.2
394 53.2
395 53.2
396 53.2
397 53.2
398 53.2
399 53.2
400 53.2
401 53.2
402 53.2
403 53.2
404 53.2
405 53.1
406 53.2
407 53.2
408 53.2
409 53.2
410 53.2
411 53.2
412 53.2
413 53.2
414 53.2
415 53.2
416 53.2
417 53.2
418 53.2
419 53.2
420 53.2
421 53.2
422 53.2
423 53.2
424 53.2
425 53.2
426 53.2
427 53.1
428 53.1
429 53.1
430 53.4
431 53.4
432 53.3
433 52.7
434 52.8
435 52.7
436 52.7
437 52.7
438 52.7
439 52.7
440 52.7
441 52.7
442 52.6
443 52.6
444 52.6
445 52.6
446 52.6
447 52.6
448 52.6
449 52.6
450 52.6
451 52.6
452 52.6
453 52.6
454 52.6
455 52.5
456 52.5
457 52.5
458 52.5
459 52.5
460 52.5
461 52.6
462 52.6
463 52.6
464 52.6
465 52.9
466 52.8
467 52.9
468 52.9
469 52.9
470 52.9
471 52.9
472 52.8
473 52.9
474 52.9
475 52.8
476 52.9
477 52.8
478 52.9
479 52.9
480 52.8
481 53.0
482 53.0
483 53.0
484 53.0
485 53.1
486 52.8
487 52.9
488 52.9
489 52.8
490 52.8
491 52.8
492 52.8
493 52.8
494 52.8
495 52.8
496 52.8
497 52.8
498 52.8
499 52.8
500 52.7
501 52.7
502 52.7
503 52.7
504 52.7
505 52.7
506 52.7
507 52.7
508 52.7
509 52.7
510 52.8
511 52.8
512 52.8
513 52.8
514 52.8
515 52.8
516 52.7
517 52.7
518 52.7
519 52.7
520 52.7
521 52.7
522 52.8
