0 35.3
1 16.8
2 14.3
3 16.0
4 11.9
5 15.6
6 27.2
7 55.6
8 40.5
9 46.5
10 43.0
11 30.0
12 34.8
13 48.5
14 41.1
15 34.6
16 34.9
17 42.2
18 38.5
19 41.1
20 40.0
21 35.1
22 34.0
23 31.3
24 35.1
25 29.5
26 39.5
27 35.7
28 27.8
29 32.0
30 26.9
31 36.9
32 30.5
33 27.4
34 23.0
35 25.3
36 29.8
37 24.6
38 21.3
39 18.1
40 28.7
41 25.0
42 18.4
43 24.7
44 24.2
45 22.4
46 27.1
47 25.3
48 30.7
49 28.6
50 33.8
51 33.7
52 34.1
53 34.1
54 26.8
55 42.1
56 31.6
57 28.0
58 28.2
59 22.2
60 35.0
61 33.1
62 32.4
63 26.1
64 27.5
65 28.7
66 28.5
67 23.3
68 24.4
69 27.1
70 43.3
71 14.8
72 13.5
73 16.0
74 10.9
75 13.8
76 17.4
77 19.4
78 14.3
79 31.7
80 35.1
81 33.2
82 29.6
83 38.9
84 29.2
85 38.9
86 28.2
87 26.2
88 25.3
89 37.0
90 30.0
91 30.7
92 20.9
93 23.0
94 26.2
95 22.4
96 24.9
97 25.9
98 21.1
99 18.8
100 28.4
101 19.1
102 21.1
103 18.8
104 20.5
105 25.0
106 29.8
107 20.2
108 18.8
109 13.6
110 16.3
111 23.3
112 13.5
113 21.3
114 18.8
115 34.1
116 32.6
117 27.4
118 44.8
119 43.2
120 28.6
121 36.4
122 30.8
123 21.2
124 20.1
125 21.9
126 23.9
127 22.7
128 18.9
129 17.6
130 28.7
131 17.1
132 17.6
133 15.8
134 23.8
135 18.4
136 22.2
137 19.5
138 13.7
139 15.2
140 10.5
141 16.7
142 16.3
143 12.6
144 22.1
145 34.0
146 12.7
147 15.0
148 15.9
149 17.0
150 24.2
151 21.2
152 27.6
153 32.9
154 41.2
155 29.9
156 34.6
157 37.5
158 38.0
159 34.1
160 38.5
161 28.4
162 32.7
163 30.8
164 28.1
165 19.5
166 43.0
167 32.0
168 26.6
169 29.8
170 27.1
171 22.3
172 26.5
173 17.8
174 36.3
175 30.1
176 21.5
177 20.3
178 29.5
179 21.8
180 19.5
181 25.2
182 23.8
183 32.1
184 26.1
185 39.0
186 43.4
187 38.5
188 39.2
189 44.1
190 49.2
191 47.9
192 44.6
193 41.3
194 51.9
195 39.1
196 41.1
197 38.4
198 41.2
199 50.0
200 42.2
201 41.9
202 33.6
203 44.7
204 38.4
205 40.9
206 23.8
207 28.1
208 23.9
209 27.9
210 33.7
211 24.4
212 29.5
213 25.8
214 24.9
215 24.8
216 30.4
217 26.0
218 28.6
219 35.6
220 42.5
221 37.0
222 41.8
223 42.6
224 39.6
225 43.6
226 41.4
227 46.0
228 36.6
229 38.0
230 35.6
231 33.6
232 25.7
233 29.2
234 30.0
235 37.5
236 33.9
237 33.3
238 33.1
239 30.7
240 28.0
241 26.0
242 31.4
243 33.5
244 34.4
245 25.8
246 21.8
247 20.4
248 11.7
249 32.9
250 17.6
251 12.8
252 24.9
253 18.3
254 35.0
255 40.3
256 35.8
257 31.9
258 32.6
259 31.3
260 28.5
261 27.7
262 26.2
263 43.6
264 38.1
265 40.3
266 36.8
267 38.1
268 29.1
269 34.6
270 32.4
271 28.5
272 28.6
273 31.5
274 27.7
275 34.9
276 30.0
277 24.7
278 42.6
279 54.0
280 39.1
281 30.7
282 38.1
283 39.1
284 37.8
285 33.7
286 27.9
287 24.0
288 37.8
289 38.8
290 39.7
291 42.1
292 45.6
293 39.1
294 41.2
295 38.5
296 36.6
297 39.1
298 32.2
299 29.0
300 26.8
301 28.4
302 25.8
303 28.5
304 32.2
305 21.8
306 21.1
307 17.2
308 20.9
309 22.9
310 22.2
311 34.4
312 24.9
313 38.5
314 24.8
315 18.9
316 26.1
317 31.3
318 31.2
319 28.6
320 30.3
321 28.4
322 34.2
323 28.6
324 36.7
325 31.2
326 33.7
327 36.4
328 37.5
329 33.6
330 45.8
331 32.1
332 29.1
333 29.2
334 30.1
335 15.4
336 14.8
337 20.3
338 20.9
339 27.7
340 17.8
341 26.4
342 30.8
343 24.1
344 24.3
345 28.2
346 27.7
347 23.7
348 25.2
349 19.8
350 21.4
351 18.8
352 25.7
353 25.7
354 34.6
355 23.9
356 31.3
357 34.5
358 29.7
359 37.0
360 41.3
361 35.9
362 34.9
363 38.8
364 36.3
365 40.4
366 41.2
367 34.7
368 36.8
369 79.8
370 49.8
371 50.4
372 29.7
373 38.3
