0 9.0
1 10.1
2 10.3
3 11.2
4 23.6
5 41.9
6 43.8
7 7.0
8 10.5
9 44.4
10 56.3
11 51.0
12 34.7
13 52.1
14 60.9
15 29.8
16 26.1
17 10.5
18 13.1
19 13.2
20 16.0
21 13.7
22 15.2
23 14.6
24 11.3
25 14.8
26 12.1
27 13.9
28 15.5
29 12.4
30 10.4
31 12.1
32 12.8
33 15.1
34 22.5
35 31.6
36 17.2
37 10.5
38 17.1
39 21.8
40 16.7
41 20.2
42 19.1
43 24.9
44 27.1
45 27.5
46 29.1
47 23.9
48 26.7
49 27.1
50 40.5
51 35.5
52 26.2
53 29.3
54 23.0
55 17.6
56 23.7
57 15.2
58 17.9
59 24.9
60 12.5
61 27.2
62 25.6
63 23.0
64 33.1
65 18.7
66 17.2
67 13.8
68 14.8
69 20.7
70 21.1
71 16.6
72 26.8
73 19.5
74 28.8
75 20.5
76 21.4
77 11.7
78 17.4
79 31.2
80 17.4
81 14.7
82 16.7
83 16.7
84 20.9
85 21.0
86 13.7
87 18.7
88 16.3
89 13.3
90 15.9
91 26.3
92 17.5
93 19.5
94 24.8
95 17.1
96 18.1
97 17.7
98 20.8
99 20.4
100 21.4
101 26.7
102 16.7
103 17.4
104 18.6
105 24.8
106 14.5
107 20.6
108 10.5
109 29.2
110 10.1
111 16.8
112 19.1
113 19.3
114 12.8
115 17.4
116 9.3
117 16.4
118 10.1
119 11.7
120 12.1
121 17.6
122 16.7
123 14.4
124 18.7
125 25.8
126 19.8
127 18.5
128 18.7
129 19.5
130 16.8
131 18.4
132 14.7
133 16.8
134 22.6
135 17.1
136 15.2
137 15.2
138 16.9
139 16.7
140 21.0
141 18.4
142 22.6
143 19.5
144 22.0
145 19.4
146 12.5
147 13.3
148 21.8
149 21.9
150 20.2
151 15.2
152 22.6
153 13.2
154 14.8
155 28.2
156 22.2
157 19.8
158 20.0
159 17.8
160 19.8
161 15.6
162 17.6
163 19.4
164 13.7
165 16.3
166 17.3
167 18.3
168 22.2
169 20.0
170 29.5
171 21.8
172 20.9
173 16.2
174 16.9
175 26.1
176 21.9
177 23.9
178 22.2
179 27.2
180 22.3
181 20.3
182 16.0
183 21.8
184 21.5
185 30.6
186 21.9
187 24.6
188 21.3
189 16.0
190 15.5
191 18.1
192 21.1
193 29.2
194 34.1
195 12.9
196 17.4
197 19.4
198 17.2
199 10.9
200 25.1
201 15.2
202 21.0
203 18.0
204 15.6
205 41.5
206 25.2
207 22.3
208 17.9
209 25.3
210 18.6
211 20.1
212 26.6
213 19.5
214 23.5
215 23.5
216 23.7
217 15.6
218 27.5
219 14.1
220 15.5
221 24.7
222 17.6
223 15.6
224 20.3
225 28.3
226 43.0
227 30.9
228 18.5
229 24.0
230 30.0
231 23.7
232 19.0
233 15.6
234 14.0
235 18.0
236 23.0
237 17.1
238 17.5
239 17.4
240 16.3
241 17.8
242 21.3
243 18.8
244 20.3
245 13.7
246 13.7
247 19.9
248 26.9
249 17.5
250 17.3
251 12.2
252 17.7
253 24.9
254 14.4
255 16.7
256 15.5
257 15.1
258 11.7
259 21.6
260 19.5
261 19.1
262 20.9
263 21.8
264 24.8
265 27.4
266 22.3
267 18.8
268 19.1
269 22.1
270 27.9
271 29.3
272 16.7
273 23.3
274 19.8
275 16.1
276 28.3
277 20.9
278 16.2
279 24.9
280 17.3
281 23.7
282 24.9
283 17.9
284 17.6
285 24.7
286 18.8
287 21.4
288 20.2
289 15.9
290 13.2
291 27.4
292 12.9
293 12.7
294 14.7
295 19.3
296 18.1
297 22.6
298 19.5
299 19.5
300 22.9
301 22.0
302 21.1
303 19.8
304 18.0
305 22.3
306 29.1
307 19.6
308 13.2
309 25.5
310 30.9
311 16.1
312 14.7
313 20.9
314 27.7
315 17.0
316 18.1
317 15.6
318 19.2
319 16.3
320 15.5
321 27.3
322 19.7
323 11.7
324 18.4
325 17.6
326 13.2
327 14.8
328 18.7
329 19.8
330 19.4
331 17.8
332 23.3
333 16.3
334 16.8
335 24.9
336 17.2
337 32.7
338 23.4
339 16.7
340 20.6
341 21.1
342 14.3
343 22.1
344 15.9
345 22.2
346 18.8
347 15.6
348 18.7
349 18.5
350 23.6
351 15.6
352 34.5
353 15.7
354 25.2
355 16.8
356 19.1
357 15.9
358 21.2
359 22.9
360 18.3
361 13.8
362 20.6
363 22.5
364 16.0
365 20.2
366 25.8
367 20.5
368 23.3
369 21.3
370 25.6
371 14.7
372 15.6
373 74.5
374 19.9
375 16.7
376 16.9
377 17.6
378 20.7
379 15.1
380 25.6
381 10.2
382 25.0
383 18.3
384 16.4
385 16.3
386 25.1
387 23.0
388 22.1
389 18.1
390 24.8
391 29.2
392 19.5
393 15.5
394 14.0
395 12.1
396 21.0
397 39.7
398 20.9
399 15.6
400 23.7
401 26.0
402 16.3
403 18.8
404 24.2
405 20.7
406 14.4
407 22.2
408 24.4
409 15.6
410 16.4
411 15.6
412 10.1
413 14.6
414 15.2
415 23.0
416 17.8
417 16.3
418 27.0
419 28.9
420 26.3
421 19.5
422 16.7
423 22.8
424 24.3
425 20.9
426 13.3
427 12.9
428 34.2
429 20.9
430 25.7
431 14.8
432 19.0
433 19.5
434 18.4
435 22.3
436 20.9
437 17.5
438 15.6
439 21.0
440 13.1
441 18.9
442 19.9
443 27.7
444 16.1
445 17.6
446 53.7
447 39.2
448 41.0
449 48.4
450 41.6
