0 31.4
1 22.7
2 22.3
3 35.5
4 35.7
5 48.1
6 55.0
7 40.8
8 46.5
9 35.9
10 27.1
11 39.8
12 20.2
13 29.9
14 29.7
15 33.6
16 32.4
17 32.3
18 34.0
19 25.7
20 32.7
21 34.5
22 28.5
23 27.9
24 28.2
25 21.8
26 38.5
27 26.6
28 27.5
29 26.0
30 24.7
31 23.5
32 22.5
33 25.4
34 26.0
35 27.0
36 37.1
37 23.8
38 20.6
39 24.4
40 26.6
41 21.9
42 22.8
43 19.6
44 15.1
45 17.0
46 22.4
47 18.2
48 31.6
49 30.2
50 34.9
51 46.1
52 38.0
53 30.6
54 28.7
55 28.1
56 20.3
57 24.1
58 33.1
59 27.7
60 24.9
61 22.4
62 19.9
63 18.6
64 30.5
65 19.9
66 17.2
67 13.2
68 18.1
69 22.0
70 23.8
71 21.8
72 18.4
73 23.4
74 19.6
75 13.6
76 13.5
77 15.2
78 11.5
79 16.6
80 15.1
81 27.3
82 19.5
83 25.3
84 20.3
85 28.4
86 33.8
87 28.8
88 27.0
89 22.4
90 27.8
91 21.5
92 25.5
93 39.5
94 26.1
95 23.6
96 27.5
97 19.9
98 23.6
99 18.4
100 20.7
101 20.0
102 20.2
103 28.6
104 28.0
105 21.6
106 22.0
107 39.0
108 25.2
109 30.5
110 15.1
111 18.2
112 13.3
113 14.7
114 26.8
115 19.6
116 32.8
117 38.0
118 24.8
119 36.6
120 29.3
121 35.7
122 39.9
123 30.9
124 32.8
125 26.3
126 31.0
127 31.8
128 23.6
129 22.6
130 26.1
131 23.4
132 29.0
133 27.1
134 30.1
135 16.9
136 20.7
137 23.1
138 24.8
139 24.9
140 21.3
141 32.3
142 22.8
143 46.5
144 31.2
145 18.9
146 18.9
147 21.5
148 20.2
149 26.8
150 19.3
151 53.6
152 34.0
153 38.8
154 35.6
155 39.0
156 44.9
157 40.6
158 38.1
159 40.9
160 38.2
161 37.9
162 35.8
163 18.5
164 39.2
165 22.4
166 34.7
167 27.5
168 29.7
169 37.0
170 27.2
171 29.2
172 16.0
173 19.9
174 20.7
175 29.3
176 30.7
177 16.3
178 15.6
179 15.5
180 16.8
181 38.3
182 26.6
183 29.4
184 36.8
185 25.1
186 28.0
187 30.0
188 47.3
189 50.2
190 44.2
191 49.6
192 48.2
193 36.7
194 43.8
195 42.5
196 26.4
197 23.6
198 19.1
199 17.5
200 18.8
201 20.3
202 26.8
203 26.2
204 23.0
205 25.5
206 22.4
207 20.7
208 20.8
209 27.6
210 36.9
211 19.7
212 19.7
213 28.5
214 26.3
215 25.0
216 27.9
217 29.2
218 23.8
219 29.7
220 39.3
221 39.2
222 42.0
223 36.4
224 43.6
225 40.2
226 37.8
227 37.9
228 33.6
229 29.9
230 28.3
231 31.2
232 42.4
233 31.1
234 38.0
235 30.8
236 21.9
237 21.3
238 23.0
239 35.2
240 18.0
241 21.7
242 20.4
243 25.9
244 30.0
245 28.4
246 28.0
247 17.6
248 14.9
249 15.6
250 18.0
251 16.2
252 27.7
253 26.0
254 22.8
255 30.0
256 33.6
257 31.3
258 40.0
259 31.2
260 31.0
261 39.2
262 24.5
263 34.4
264 26.2
265 30.3
266 27.0
267 26.3
268 50.6
269 50.0
270 38.8
271 35.1
272 40.5
273 39.7
274 33.6
275 22.7
276 25.7
277 34.6
278 23.3
279 26.5
280 20.3
281 20.8
282 25.7
283 24.2
284 17.3
285 23.2
286 22.8
287 29.9
288 26.9
289 24.0
290 21.8
291 32.2
292 28.7
293 34.6
294 34.6
295 31.5
296 38.8
297 44.3
298 29.4
299 26.2
300 28.9
301 33.3
302 28.0
303 26.5
304 38.8
305 26.7
306 35.1
307 40.4
308 37.2
309 37.4
310 34.1
311 20.8
312 35.4
313 17.8
314 25.9
315 25.9
316 29.8
317 25.0
318 25.6
319 26.6
320 30.2
321 32.8
322 23.5
323 33.3
324 34.7
325 31.9
326 39.4
327 35.0
328 30.9
329 35.5
330 28.6
331 40.0
332 40.0
333 34.6
334 21.1
335 27.0
336 28.2
337 26.8
338 23.5
339 16.0
340 24.1
341 28.9
342 17.5
343 25.3
344 59.1
345 24.8
346 33.5
347 23.9
348 21.3
349 17.6
350 46.9
351 22.5
352 29.3
353 30.2
354 17.8
355 23.3
356 23.4
357 26.4
358 29.0
359 29.6
360 38.9
361 39.0
362 38.6
363 40.2
364 32.4
365 24.0
366 26.7
367 37.8
368 30.2
369 40.4
370 31.3
371 33.5
372 48.2
373 26.5
374 69.0
375 68.2
376 48.5
377 30.6
378 28.4
379 10.2
