0 41.5
1 22.6
2 32.9
3 47.1
4 43.2
5 61.7
6 50.2
7 31.9
8 27.7
9 23.6
10 25.0
11 44.0
12 35.6
13 27.5
14 30.1
15 30.9
16 32.7
17 25.0
18 26.9
19 25.1
20 29.5
21 15.4
22 22.3
23 26.2
24 24.5
25 34.6
26 33.1
27 33.1
28 32.7
29 44.2
30 30.6
31 43.2
32 35.4
33 33.0
34 30.7
35 31.3
36 30.7
37 30.7
38 27.1
39 24.3
40 23.7
41 20.7
42 14.8
43 23.0
44 19.5
45 21.9
46 35.7
47 20.7
48 20.2
49 12.5
50 26.7
51 24.2
52 17.2
53 15.8
54 17.9
55 24.0
56 26.1
57 28.8
58 21.0
59 35.4
60 38.7
61 40.2
62 39.8
63 38.7
64 35.6
65 34.8
66 26.3
67 33.8
68 28.1
69 27.7
70 29.5
71 23.3
72 21.9
73 23.0
74 19.0
75 17.5
76 26.9
77 28.8
78 27.6
79 28.3
80 27.1
81 24.5
82 23.6
83 24.4
84 30.7
85 25.0
86 15.2
87 22.8
88 34.4
89 18.9
90 18.8
91 16.3
92 24.2
93 21.5
94 25.3
95 27.1
96 28.1
97 26.7
98 36.9
99 38.4
100 33.8
101 32.2
102 27.1
103 39.9
104 38.6
105 29.1
106 26.5
107 21.8
108 21.5
109 22.3
110 15.1
111 18.9
112 19.8
113 22.0
114 22.1
115 20.8
116 25.6
117 32.2
118 23.1
119 17.9
120 13.7
121 14.8
122 18.7
123 13.2
124 25.4
125 21.5
126 21.8
127 26.5
128 26.4
129 26.0
130 30.4
131 37.3
132 28.0
133 31.7
134 29.9
135 35.6
136 28.0
137 38.8
138 36.8
139 21.4
140 19.1
141 21.8
142 14.3
143 15.9
144 24.6
145 12.9
146 35.0
147 19.6
148 16.8
149 18.2
150 14.5
151 12.5
152 18.0
153 17.4
154 11.2
155 12.9
156 16.0
157 15.4
158 15.2
159 11.7
160 29.4
161 17.8
162 23.3
163 34.9
164 34.9
165 33.6
166 32.8
167 27.6
168 30.2
169 33.8
170 32.6
171 26.8
172 32.3
173 43.8
174 36.7
175 40.2
176 32.7
177 27.6
178 22.2
179 31.2
180 30.6
181 35.9
182 31.9
183 26.3
184 26.5
185 37.6
186 30.7
187 19.3
188 38.9
189 24.2
190 29.8
191 26.3
192 24.7
193 23.2
194 27.3
195 27.2
196 32.2
197 33.2
198 28.8
199 41.1
200 38.1
201 39.8
202 31.9
203 42.3
204 48.3
205 48.6
206 41.7
207 36.8
208 36.9
209 28.4
210 35.9
211 38.3
212 28.3
213 43.8
214 29.1
215 27.0
216 23.8
217 33.7
218 35.8
219 49.0
220 37.1
221 40.5
222 33.9
223 40.6
224 19.7
225 13.0
226 14.8
227 15.6
228 12.7
229 16.4
230 17.9
231 20.5
232 52.1
233 46.9
234 32.8
235 38.7
236 29.3
237 32.1
238 43.9
239 36.3
240 33.2
241 36.3
242 28.8
243 31.5
244 31.8
245 28.6
246 28.5
247 25.9
248 43.4
249 23.1
250 22.9
251 27.9
252 34.6
253 26.7
254 34.1
255 26.5
256 24.8
257 30.5
258 30.4
259 28.9
260 26.5
261 27.6
262 34.8
263 28.1
264 24.0
265 31.2
266 22.6
267 33.9
268 29.0
269 39.1
270 31.2
271 38.9
272 32.9
273 39.7
274 41.9
275 35.8
276 34.9
277 38.7
278 25.5
279 19.1
280 20.8
281 28.7
282 28.9
283 27.2
284 23.0
285 27.7
286 37.5
287 36.6
288 30.7
289 28.7
290 31.1
291 23.3
292 31.8
293 21.4
294 27.6
295 29.5
296 21.2
297 34.7
298 48.6
299 45.9
300 29.3
301 34.7
302 44.0
303 45.8
304 34.7
305 39.7
306 38.8
307 36.6
308 46.7
309 35.5
310 36.3
311 39.5
312 33.8
313 25.8
314 19.7
315 23.4
316 21.8
317 24.2
318 21.1
319 19.0
320 33.2
321 17.2
322 17.0
323 24.5
324 19.0
325 17.0
326 16.3
327 17.1
328 15.6
329 19.3
330 18.1
331 20.2
332 32.0
333 41.0
334 35.4
335 50.2
336 46.0
337 50.0
338 45.8
339 44.4
340 38.9
341 40.5
342 34.5
343 35.5
344 28.3
345 40.3
346 34.9
347 32.2
348 32.0
349 31.8
350 38.2
351 23.6
352 23.6
353 29.6
354 25.0
355 30.9
356 35.7
357 36.8
358 28.5
359 29.4
360 29.4
361 25.4
362 26.3
363 22.3
364 20.5
365 23.3
366 40.2
367 17.6
368 57.5
369 38.0
370 33.5
371 21.5
372 29.6
