0 11.3
1 25.4
2 53.1
3 54.1
4 54.8
5 62.3
6 97.7
7 50.8
8 94.6
9 92.7
10 59.7
11 50.0
12 56.4
13 32.8
14 36.5
15 38.2
16 37.1
17 38.4
18 34.0
19 31.1
20 31.6
21 33.1
22 27.5
23 25.0
24 34.4
25 28.1
26 22.8
27 20.5
28 28.0
29 24.8
30 38.0
31 26.5
32 21.7
33 21.2
34 21.1
35 22.6
36 17.8
37 18.5
38 22.1
39 23.3
40 25.0
41 20.8
42 20.5
43 26.1
44 36.9
45 35.7
46 31.8
47 28.4
48 30.0
49 34.8
50 34.4
51 39.1
52 34.6
53 33.1
54 35.1
55 35.9
56 30.8
57 30.2
58 34.2
59 33.9
60 33.1
61 33.2
62 28.9
63 28.1
64 26.2
65 25.8
66 27.7
67 22.1
68 23.0
69 26.1
70 26.6
71 32.4
72 26.1
73 24.7
74 22.1
75 28.0
76 19.8
77 20.6
78 21.6
79 23.2
80 33.3
81 38.0
82 33.2
83 41.1
84 35.9
85 33.5
86 43.6
87 28.1
88 38.1
89 36.7
90 26.5
91 22.0
92 27.1
93 25.7
94 24.8
95 24.9
96 24.5
97 28.2
98 26.1
99 21.1
100 35.9
101 20.5
102 21.0
103 27.9
104 20.5
105 17.5
106 22.6
107 19.1
108 17.1
109 18.8
110 15.9
111 18.3
112 15.1
113 16.9
114 21.2
115 25.1
116 23.4
117 27.1
118 30.1
119 27.9
120 32.3
121 28.8
122 27.4
123 34.9
124 27.5
125 26.6
126 22.4
127 23.0
128 27.8
129 35.2
130 19.6
131 27.2
132 24.5
133 23.8
134 21.9
135 24.9
136 30.5
137 36.9
138 27.1
139 22.3
140 20.5
141 18.3
142 11.9
143 18.2
144 14.0
145 16.4
146 21.1
147 16.9
148 15.1
149 22.1
150 15.5
151 20.2
152 20.6
153 29.3
154 21.2
155 26.7
156 36.0
157 26.7
158 30.4
159 26.1
160 26.4
161 27.4
162 28.7
163 30.6
164 22.3
165 26.2
166 23.0
167 21.7
168 16.4
169 17.2
170 19.1
171 18.2
172 39.9
173 34.4
174 20.1
175 19.2
176 24.7
177 21.9
178 20.9
179 18.3
180 29.5
181 23.4
182 15.9
183 20.0
184 30.3
185 39.6
186 37.7
187 37.8
188 33.5
189 30.4
190 38.8
191 38.3
192 39.8
193 35.4
194 26.1
195 36.4
196 30.4
197 32.7
198 34.1
199 26.0
200 24.5
201 32.3
202 38.5
203 27.3
204 28.5
205 25.0
206 19.5
207 24.3
208 20.2
209 16.5
210 36.5
211 15.7
212 36.0
213 32.4
214 17.6
215 19.9
216 39.0
217 39.8
218 39.6
219 47.9
220 51.0
221 45.3
222 48.5
223 41.3
224 36.3
225 35.0
226 30.6
227 29.2
228 29.3
229 25.3
230 17.8
231 44.1
232 31.2
233 23.2
234 24.5
235 25.9
236 27.6
237 30.5
238 33.3
239 28.8
240 24.5
241 26.1
242 33.5
243 27.1
244 24.3
245 41.6
246 26.7
247 26.8
248 22.9
249 26.1
250 22.8
251 32.6
252 38.0
253 39.5
254 37.8
255 35.0
256 33.7
257 27.2
258 34.0
259 39.6
260 53.4
261 42.8
262 33.6
263 41.8
264 45.2
265 29.5
266 25.3
267 23.9
268 19.8
269 22.3
270 20.8
271 24.7
272 27.0
273 30.2
274 37.2
275 27.1
276 15.6
277 15.1
278 13.6
279 17.9
280 24.4
281 16.3
282 19.9
283 16.7
284 18.7
285 19.5
286 24.5
287 33.3
288 30.4
289 33.6
290 26.6
291 35.2
292 30.7
293 32.3
294 30.1
295 35.2
296 32.3
297 47.3
298 54.9
299 37.7
300 34.5
301 47.7
302 42.9
303 41.5
304 32.1
305 34.0
306 35.1
307 25.6
308 35.7
309 41.4
310 30.1
311 30.2
312 32.8
313 26.7
314 25.1
315 23.3
316 26.2
317 25.5
318 25.6
319 24.1
320 23.3
321 22.8
322 25.8
323 31.8
324 25.3
325 26.4
326 18.8
327 29.7
328 33.3
329 35.1
330 36.0
331 43.4
332 41.7
333 37.1
334 29.2
335 37.8
336 36.9
337 39.1
338 34.2
339 28.6
340 32.4
341 21.5
342 17.2
343 15.1
344 17.5
345 22.1
346 22.9
347 22.3
348 20.9
349 18.9
350 20.7
351 21.5
352 14.0
353 15.8
354 18.3
355 27.7
356 25.5
357 25.0
358 26.7
359 46.9
360 49.4
361 41.1
362 30.7
363 32.4
364 34.8
