0 43.1
1 38.4
2 28.2
3 21.4
4 24.9
5 37.3
6 42.9
7 38.4
8 59.3
9 60.5
10 28.1
11 33.1
12 30.7
13 23.6
14 16.0
15 25.2
16 21.8
17 24.7
18 21.8
19 17.1
20 19.2
21 18.7
22 19.2
23 19.9
24 19.4
25 26.2
26 28.8
27 30.2
28 35.1
29 32.7
30 26.6
31 40.8
32 31.2
33 43.8
34 38.3
35 38.2
36 36.9
37 39.5
38 34.1
39 27.9
40 26.4
41 29.7
42 30.9
43 32.8
44 34.0
45 27.7
46 27.6
47 42.2
48 28.5
49 29.8
50 25.8
51 28.7
52 22.9
53 30.1
54 25.0
55 21.3
56 25.7
57 19.4
58 17.4
59 23.7
60 29.5
61 36.4
62 29.0
63 33.7
64 36.3
65 31.8
66 30.8
67 27.1
68 24.4
69 38.3
70 40.4
71 28.8
72 27.0
73 21.8
74 23.6
75 25.6
76 30.5
77 19.5
78 17.1
79 22.0
80 22.3
81 22.6
82 22.4
83 21.0
84 23.0
85 16.7
86 13.2
87 15.6
88 13.2
89 16.0
90 19.4
91 23.5
92 16.9
93 21.8
94 17.8
95 26.3
96 23.2
97 24.0
98 28.2
99 33.7
100 35.3
101 37.6
102 30.6
103 37.2
104 41.6
105 43.4
106 24.2
107 26.4
108 25.0
109 27.0
110 24.0
111 25.5
112 26.8
113 26.7
114 25.1
115 18.0
116 19.9
117 12.3
118 15.3
119 21.4
120 33.1
121 21.3
122 20.4
123 18.4
124 14.2
125 10.9
126 24.0
127 18.1
128 25.2
129 24.8
130 30.1
131 28.9
132 27.1
133 26.5
134 15.6
135 34.0
136 27.8
137 31.8
138 37.1
139 43.5
140 40.2
141 31.4
142 31.2
143 23.3
144 28.5
145 23.7
146 26.5
147 35.8
148 29.5
149 24.8
150 31.8
151 35.3
152 32.4
153 19.8
154 25.9
155 24.0
156 22.8
157 13.7
158 15.6
159 31.4
160 23.9
161 15.9
162 27.1
163 24.2
164 30.7
165 36.6
166 35.7
167 33.6
168 32.6
169 37.5
170 39.2
171 46.6
172 34.0
173 35.6
174 42.4
175 19.2
176 35.7
177 33.1
178 34.1
179 46.4
180 29.6
181 30.4
182 30.0
183 44.4
184 36.2
185 39.0
186 35.1
187 34.0
188 34.9
189 37.2
190 25.2
191 34.7
192 16.8
193 13.1
194 29.7
195 20.1
196 17.5
197 31.9
198 29.0
199 29.5
200 32.8
201 35.1
202 37.4
203 42.3
204 39.8
205 41.9
206 42.7
207 40.8
208 46.7
209 55.6
210 40.5
211 34.6
212 27.7
213 24.7
214 29.2
215 31.4
216 33.1
217 29.0
218 29.7
219 36.4
220 33.5
221 31.9
222 38.1
223 30.9
224 44.0
225 30.4
226 26.1
227 28.3
228 31.4
229 34.1
230 31.8
231 19.7
232 31.0
233 34.2
234 24.1
235 25.6
236 23.6
237 28.5
238 30.8
239 42.6
240 28.6
241 40.8
242 32.4
243 26.0
244 24.3
245 24.1
246 19.1
247 29.0
248 23.3
249 20.3
250 31.1
251 28.5
252 32.2
253 36.1
254 28.8
255 25.3
256 22.8
257 31.7
258 22.1
259 24.5
260 23.0
261 22.4
262 24.2
263 41.4
264 39.4
265 42.0
266 33.0
267 35.5
268 39.6
269 40.2
270 30.0
271 30.0
272 31.7
273 29.0
274 40.8
275 41.4
276 39.1
277 32.3
278 27.4
279 28.6
280 25.9
281 27.3
282 28.3
283 30.4
284 29.8
285 23.3
286 26.6
287 27.8
288 25.4
289 23.9
290 22.6
291 21.2
292 26.6
293 23.1
294 20.7
295 27.8
296 19.8
297 31.4
298 30.5
299 44.8
300 26.7
301 36.4
302 37.5
303 36.9
304 39.5
305 40.5
306 41.2
307 42.9
308 33.8
309 31.0
310 35.7
311 35.0
312 36.2
313 35.0
314 23.0
315 27.2
316 19.0
317 19.5
318 28.2
319 17.1
320 14.1
321 14.8
322 15.2
323 17.6
324 15.5
325 16.9
326 19.5
327 19.3
328 14.0
329 32.7
330 12.9
331 13.6
332 17.2
333 17.4
334 18.6
335 24.9
336 26.5
337 24.0
338 24.8
339 25.2
340 27.7
341 30.1
342 26.0
343 33.2
344 32.7
345 31.5
346 29.3
347 37.1
348 27.6
349 24.7
350 22.3
351 18.4
352 21.1
353 20.2
354 24.7
355 20.3
356 26.2
357 18.2
358 19.3
359 27.6
360 18.9
361 18.0
362 27.7
363 36.7
364 41.2
365 17.8
366 33.2
367 42.4
368 19.8
369 47.1
370 26.2
371 62.9
372 38.0
373 30.0
374 31.7
