0 49.2
1 44.7
2 46.3
3 36.8
4 40.1
5 45.3
6 50.4
7 42.1
8 37.8
9 34.5
10 30.1
11 26.6
12 30.2
13 23.4
14 24.1
15 24.4
16 24.9
17 29.2
18 27.7
19 23.9
20 20.3
21 24.6
22 28.4
23 23.0
24 14.3
25 30.5
26 36.2
27 29.9
28 32.2
29 30.2
30 30.7
31 41.5
32 39.4
33 29.5
34 37.9
35 32.6
36 36.7
37 30.9
38 31.2
39 23.3
40 28.8
41 25.3
42 19.5
43 28.1
44 29.2
45 17.1
46 14.1
47 22.8
48 28.3
49 24.9
50 23.3
51 22.2
52 26.6
53 24.1
54 26.0
55 25.0
56 25.8
57 14.8
58 36.8
59 16.0
60 24.2
61 27.9
62 20.4
63 20.9
64 27.1
65 25.2
66 26.4
67 29.4
68 30.6
69 36.2
70 34.9
71 34.5
72 30.6
73 35.1
74 29.2
75 35.7
76 21.4
77 20.8
78 21.5
79 23.0
80 25.7
81 26.7
82 19.4
83 20.0
84 17.2
85 14.3
86 18.2
87 17.2
88 37.0
89 15.4
90 15.4
91 16.2
92 21.1
93 14.4
94 23.7
95 27.9
96 40.0
97 25.6
98 31.0
99 23.7
100 36.4
101 33.8
102 23.6
103 42.9
104 36.3
105 30.4
106 29.5
107 31.4
108 38.8
109 46.5
110 24.0
111 20.8
112 21.5
113 21.2
114 15.0
115 22.0
116 19.8
117 24.8
118 31.4
119 25.1
120 20.0
121 23.9
122 20.3
123 16.7
124 20.4
125 16.9
126 19.1
127 16.3
128 21.8
129 17.4
130 12.0
131 33.5
132 35.1
133 43.3
134 36.2
135 42.3
136 28.6
137 29.3
138 23.1
139 17.2
140 30.3
141 17.9
142 28.0
143 30.8
144 43.8
145 22.1
146 24.5
147 25.2
148 32.4
149 25.6
150 19.1
151 20.8
152 35.4
153 27.4
154 25.3
155 22.9
156 31.5
157 30.4
158 16.7
159 16.0
160 19.5
161 20.7
162 23.6
163 31.8
164 22.9
165 33.2
166 32.4
167 39.3
168 35.0
169 36.7
170 42.4
171 38.8
172 38.8
173 30.9
174 32.7
175 34.0
176 39.7
177 30.7
178 39.9
179 26.6
180 26.3
181 35.8
182 32.2
183 25.4
184 46.7
185 32.9
186 27.1
187 31.4
188 28.2
189 42.9
190 46.0
191 32.2
192 35.5
193 44.4
194 26.5
195 33.5
196 23.4
197 22.0
198 22.1
199 22.0
200 27.8
201 24.5
202 30.8
203 34.4
204 31.0
205 35.8
206 32.3
207 35.4
208 39.0
209 29.1
210 37.2
211 28.4
212 25.0
213 31.9
214 38.5
215 22.4
216 27.7
217 28.4
218 24.8
219 26.1
220 23.4
221 22.6
222 27.0
223 41.8
224 26.5
225 28.9
226 31.0
227 23.4
228 24.2
229 26.3
230 27.1
231 23.6
232 27.6
233 34.5
234 35.4
235 37.4
236 31.7
237 19.8
238 42.8
239 35.1
240 29.5
241 24.9
242 33.5
243 24.0
244 39.8
245 33.8
246 28.3
247 31.6
248 25.8
249 15.1
250 18.1
251 22.0
252 26.9
253 36.9
254 24.5
255 30.6
256 29.5
257 34.4
258 30.9
259 35.6
260 31.2
261 26.6
262 20.5
263 23.0
264 24.0
265 25.6
266 25.9
267 26.7
268 41.1
269 50.2
270 51.3
271 33.1
272 37.1
273 38.3
274 44.0
275 41.9
276 39.9
277 43.1
278 46.2
279 34.6
280 37.4
281 34.9
282 37.6
283 38.2
284 27.3
285 25.4
286 21.4
287 24.3
288 24.0
289 33.0
290 22.9
291 27.6
292 25.1
293 21.8
294 17.9
295 17.7
296 18.4
297 17.8
298 27.5
299 21.8
300 22.1
301 28.4
302 35.0
303 40.2
304 37.1
305 30.4
306 31.4
307 35.8
308 41.3
309 40.6
310 44.8
311 30.9
312 37.2
313 32.6
314 19.5
315 24.1
316 26.6
317 25.6
318 26.1
319 18.4
320 29.2
321 22.2
322 17.3
323 13.7
324 29.1
325 15.4
326 18.2
327 29.7
328 15.6
329 18.0
330 14.2
331 19.9
332 16.5
333 22.0
334 28.0
335 25.0
336 31.4
337 33.7
338 43.2
339 34.4
340 34.2
341 28.4
342 39.0
343 32.0
344 31.4
345 41.0
346 43.1
347 31.8
348 26.2
349 26.0
350 24.3
351 26.6
352 22.9
353 28.5
354 25.8
355 26.7
356 29.3
357 34.8
358 21.9
359 26.7
360 27.9
361 22.6
362 23.0
363 20.9
364 11.3
365 13.3
366 8.8
367 11.7
368 36.5
369 31.5
370 33.6
371 47.7
372 39.9
373 37.1
374 41.8
375 34.9
376 44.5
377 34.8
378 36.5
379 39.6
380 40.9
381 52.5
382 46.9
383 36.5
384 29.7
385 28.3
