0 36.6
1 46.5
2 37.2
3 33.9
4 42.7
5 37.3
6 47.7
7 39.9
8 55.7
9 39.5
10 30.8
11 29.2
12 36.9
13 27.0
14 22.2
15 24.3
16 24.6
17 22.6
18 24.9
19 19.7
20 26.6
21 28.3
22 27.0
23 25.7
24 17.7
25 26.8
26 22.2
27 26.4
28 36.3
29 27.8
30 24.0
31 24.9
32 35.2
33 37.1
34 34.1
35 34.9
36 35.9
37 32.3
38 29.1
39 29.6
40 31.4
41 27.0
42 29.9
43 17.8
44 30.4
45 27.8
46 19.8
47 20.2
48 17.6
49 20.3
50 12.1
51 19.5
52 17.9
53 26.6
54 27.3
55 30.2
56 25.1
57 23.8
58 23.4
59 18.3
60 16.4
61 21.8
62 20.4
63 19.6
64 15.2
65 24.1
66 32.6
67 35.4
68 37.3
69 40.0
70 43.4
71 25.4
72 35.5
73 33.2
74 35.2
75 37.4
76 40.6
77 32.7
78 29.5
79 26.5
80 27.0
81 28.9
82 21.5
83 27.3
84 26.9
85 24.8
86 26.8
87 29.2
88 23.1
89 24.8
90 21.2
91 23.9
92 26.5
93 27.6
94 22.4
95 20.5
96 19.3
97 23.0
98 16.7
99 30.9
100 31.3
101 34.4
102 36.0
103 31.9
104 35.4
105 24.0
106 30.0
107 25.5
108 26.8
109 34.4
110 26.5
111 27.6
112 29.2
113 16.2
114 36.8
115 30.9
116 24.9
117 12.9
118 18.8
119 10.4
120 14.0
121 23.4
122 14.7
123 17.9
124 17.4
125 15.7
126 14.3
127 13.6
128 28.0
129 16.9
130 14.2
131 17.6
132 21.5
133 20.7
134 28.2
135 19.0
136 16.8
137 38.0
138 34.9
139 28.0
140 30.0
141 34.1
142 33.5
143 30.5
144 26.1
145 27.8
146 27.3
147 27.5
148 22.6
149 17.2
150 46.9
151 37.7
152 21.9
153 21.2
154 22.7
155 21.4
156 24.4
157 33.8
158 33.6
159 21.5
160 19.8
161 20.3
162 18.8
163 36.2
164 17.0
165 17.2
166 28.0
167 23.8
168 34.5
169 31.9
170 16.7
171 38.9
172 48.4
173 30.9
174 37.1
175 37.3
176 38.8
177 35.9
178 27.8
179 34.1
180 33.9
181 27.7
182 41.3
183 32.0
184 26.7
185 27.2
186 26.4
187 32.6
188 35.9
189 23.0
190 29.6
191 38.0
192 31.7
193 30.1
194 28.7
195 34.8
196 40.4
197 34.1
198 36.6
199 31.7
200 39.7
201 38.1
202 22.1
203 23.2
204 23.9
205 31.0
206 29.3
207 30.0
208 26.7
209 31.4
210 28.5
211 36.0
212 30.5
213 30.2
214 26.3
215 31.3
216 42.1
217 22.8
218 24.4
219 26.5
220 30.4
221 27.0
222 23.0
223 28.5
224 22.2
225 18.8
226 25.3
227 28.7
228 21.7
229 25.4
230 28.4
231 41.0
232 25.6
233 26.4
234 29.2
235 30.1
236 26.1
237 35.0
238 41.6
239 40.5
240 43.4
241 40.9
242 40.9
243 27.6
244 35.7
245 43.6
246 35.7
247 37.5
248 32.7
249 30.1
250 31.8
251 37.8
252 32.6
253 31.8
254 28.7
255 28.4
256 26.2
257 21.8
258 21.7
259 27.8
260 24.3
261 22.6
262 22.3
263 34.0
264 29.6
265 30.4
266 33.5
267 31.9
268 29.1
269 32.8
270 31.3
271 32.3
272 29.2
273 31.0
274 40.2
275 51.4
276 45.9
277 36.3
278 38.7
279 54.8
280 44.0
281 43.4
282 32.6
283 32.8
284 26.1
285 27.5
286 27.9
287 27.0
288 27.8
289 37.4
290 32.7
291 28.0
292 18.8
293 23.4
294 20.0
295 17.6
296 30.5
297 49.0
298 48.3
299 25.3
300 13.7
301 18.8
302 17.9
303 30.1
304 23.2
305 23.1
306 19.8
307 36.3
308 30.5
309 34.4
310 34.8
311 38.8
312 37.1
313 47.0
314 48.3
315 53.1
316 31.9
317 35.9
318 45.0
319 33.3
320 18.1
321 17.3
322 25.1
323 34.1
324 24.4
325 25.2
326 24.5
327 24.7
328 25.8
329 21.8
330 20.9
331 29.5
332 29.8
333 21.5
334 24.8
335 17.2
336 13.6
337 22.3
338 21.0
339 30.9
340 22.6
341 27.3
342 22.7
343 42.3
344 29.3
345 28.7
346 30.7
347 37.1
348 32.6
349 29.3
350 37.0
351 31.5
352 34.9
353 29.7
354 31.8
355 25.8
356 24.4
357 19.8
358 19.3
359 20.3
360 18.7
361 28.3
362 18.6
363 18.5
364 21.9
365 23.0
366 25.5
367 34.4
368 18.3
369 20.7
370 14.2
371 10.0
372 19.4
373 15.8
374 14.6
375 38.6
376 45.8
377 32.6
378 42.2
379 55.8
380 35.9
381 34.0
382 33.2
383 28.5
384 34.9
385 31.0
386 29.4
387 21.1
388 33.1
389 32.6
390 48.8
391 27.8
392 21.4
393 17.7
394 17.1
395 23.5
396 19.1
397 19.5
398 19.8
399 20.8
400 17.6
401 20.2
402 17.1
403 21.8
404 23.5
405 32.9
406 31.6
407 25.1
408 29.9
409 21.2
410 29.7
411 32.8
412 36.8
413 32.2
414 33.3
415 38.4
416 42.6
417 44.5
418 34.5
419 42.5
420 33.7
421 31.3
422 24.0
423 32.2
424 26.0
425 25.4
426 23.5
427 23.8
428 21.8
429 27.4
430 23.8
431 23.0
432 21.4
433 22.9
434 27.2
435 30.7
436 30.9
437 31.1
438 24.7
439 23.8
440 26.0
441 20.4
442 24.5
443 24.5
444 32.7
445 26.2
446 28.5
447 34.0
448 44.2
449 44.1
450 43.1
451 20.4
452 39.4
453 34.0
454 30.4
455 29.8
456 28.7
457 29.3
458 31.5
459 20.2
460 32.0
461 21.2
462 24.2
463 17.6
464 21.5
465 20.3
466 22.7
467 18.9
468 22.8
469 20.2
470 19.3
471 17.6
472 19.1
473 22.1
474 19.8
475 15.8
476 11.2
477 23.6
478 30.2
479 26.8
480 30.3
481 29.2
482 33.3
483 35.9
484 42.1
485 39.2
486 39.2
487 43.4
488 35.9
489 34.9
490 31.8
491 41.5
492 28.4
493 30.7
494 29.2
495 27.9
496 24.2
497 23.9
498 31.0
499 39.0
500 30.4
501 24.1
502 26.9
503 25.8
504 30.2
505 33.1
506 17.6
507 15.6
508 17.8
509 18.1
510 20.3
511 31.2
512 30.1
513 32.8
514 37.5
515 34.5
516 32.3
517 31.6
518 29.8
519 34.6
520 39.2
521 52.1
522 31.8
523 25.7
524 32.3
525 22.5
526 22.5
527 28.2
528 30.1
529 28.5
530 32.3
531 22.9
532 20.5
533 28.5
534 36.2
535 22.3
536 24.9
537 24.1
538 16.3
539 13.2
540 37.9
541 29.3
542 14.1
543 20.9
544 19.7
545 28.1
546 46.6
547 28.4
548 32.2
549 40.9
550 48.4
551 51.3
552 45.1
553 42.2
554 46.9
555 42.6
556 38.1
557 50.6
558 43.4
559 44.2
560 37.3
561 44.2
562 43.2
563 50.8
564 47.7
565 42.9
566 37.4
567 38.9
568 35.8
569 24.4
570 19.0
571 20.2
572 21.5
573 38.0
574 35.5
575 29.3
576 20.2
577 15.1
578 34.2
579 24.5
580 42.5
581 30.7
582 28.7
583 25.7
584 25.2
585 32.0
586 26.7
587 19.8
588 19.5
589 34.1
590 38.0
591 37.4
592 54.7
593 47.7
594 43.2
595 42.5
596 29.1
597 35.0
598 42.9
599 36.4
600 43.9
601 38.3
602 35.7
603 37.9
604 26.1
605 31.5
606 29.0
607 42.5
608 25.3
609 23.7
610 18.7
611 30.4
612 20.8
613 24.3
614 23.5
615 27.1
616 30.4
617 25.6
618 33.8
619 37.7
620 29.0
621 41.1
622 27.9
623 28.0
624 32.2
625 29.6
626 25.9
627 29.1
628 27.8
629 14.3
630 28.5
631 20.6
632 21.2
633 20.7
634 24.6
635 21.5
636 15.8
637 17.1
638 27.3
639 24.6
640 16.7
641 26.6
642 12.8
643 15.4
644 17.1
645 17.4
646 20.7
647 23.2
648 31.9
649 30.0
650 42.5
651 30.7
652 30.5
653 44.4
654 46.9
655 39.0
656 42.7
657 46.0
658 48.5
659 36.7
660 36.5
661 33.1
662 29.7
663 23.5
664 32.4
665 29.7
666 32.0
667 27.2
668 28.3
669 32.2
670 26.5
671 25.4
672 32.2
673 24.1
674 29.2
675 23.4
676 22.4
677 26.1
678 39.1
679 41.8
680 40.9
681 38.9
682 41.6
683 34.0
684 52.3
685 47.3
686 52.3
687 35.8
688 40.6
689 30.2
690 27.5
691 30.8
692 38.9
693 47.1
694 39.8
695 23.7
696 31.0
697 29.1
698 30.4
699 22.7
700 26.8
701 33.2
702 29.2
703 20.7
704 19.2
705 19.1
706 18.3
707 32.6
708 18.2
709 26.0
710 23.7
711 19.5
712 21.8
713 20.6
714 20.4
715 17.3
716 29.5
717 26.7
718 48.1
719 35.6
720 38.4
721 31.8
722 43.6
723 37.7
724 34.4
725 38.8
726 41.0
727 34.4
728 45.6
729 42.5
730 30.0
731 30.7
732 35.8
733 24.6
734 22.9
735 19.9
736 29.8
737 35.0
738 28.2
739 27.1
740 32.3
741 28.7
742 29.6
743 31.3
744 26.0
745 30.4
746 27.6
747 29.5
748 32.7
749 16.9
750 16.3
751 22.3
752 27.1
753 29.3
754 34.7
755 38.8
756 34.4
757 38.5
758 32.7
759 40.2
760 37.3
761 33.3
762 41.9
763 27.9
764 32.6
765 38.8
766 34.0
767 31.9
768 30.6
769 31.2
770 33.8
771 36.4
772 33.7
773 32.4
774 31.7
775 33.0
776 31.4
777 31.5
778 23.6
779 19.7
780 21.9
781 24.6
782 28.4
783 28.4
784 19.7
785 27.9
786 29.1
787 40.2
788 29.0
789 38.8
790 45.1
791 44.4
792 39.8
793 38.6
794 48.5
795 46.9
796 43.2
797 40.2
798 41.1
799 51.3
800 42.6
801 42.8
802 37.1
803 35.5
804 40.3
805 39.7
806 30.5
807 29.3
808 31.5
809 28.8
810 28.3
811 25.6
812 22.9
813 19.8
814 21.8
815 17.8
816 23.6
817 21.6
818 19.5
819 28.0
820 31.3
821 35.3
822 43.4
823 36.9
824 36.3
825 44.1
826 47.5
827 38.9
828 37.4
829 34.2
830 32.7
831 59.8
832 31.8
833 64.8
834 23.3
835 30.1
836 32.4
