0 35.7
1 26.3
2 19.5
3 22.2
4 19.8
5 27.0
6 22.3
7 51.0
8 44.6
9 49.1
10 54.3
11 54.2
12 31.3
13 32.6
14 27.7
15 26.2
16 31.5
17 35.0
18 31.2
19 35.2
20 27.7
21 33.7
22 38.5
23 43.5
24 34.1
25 26.6
26 32.3
27 34.1
28 26.4
29 33.8
30 35.4
31 28.6
32 28.5
33 23.6
34 22.3
35 24.2
36 24.1
37 24.0
38 27.6
39 29.5
40 37.3
41 24.8
42 21.8
43 22.6
44 33.0
45 17.5
46 14.7
47 17.8
48 27.9
49 31.7
50 22.7
51 29.5
52 31.5
53 32.2
54 46.2
55 34.0
56 42.1
57 34.2
58 34.0
59 32.2
60 37.0
61 35.1
62 22.7
63 20.4
64 19.5
65 20.3
66 14.7
67 21.3
68 28.9
69 23.0
70 24.8
71 30.4
72 20.0
73 26.3
74 28.2
75 16.7
76 21.6
77 21.8
78 21.1
79 21.0
80 22.7
81 18.7
82 32.6
83 16.8
84 16.4
85 20.8
86 18.3
87 24.6
88 29.2
89 41.3
90 26.2
91 31.0
92 26.1
93 30.5
94 33.8
95 37.5
96 48.8
97 36.7
98 28.7
99 29.6
100 28.6
101 20.9
102 24.9
103 16.6
104 24.2
105 23.7
106 28.0
107 23.7
108 21.8
109 26.4
110 41.4
111 19.5
112 18.2
113 18.3
114 17.5
115 20.7
116 18.8
117 22.8
118 23.8
119 20.3
120 21.3
121 29.1
122 31.7
123 34.9
124 34.9
125 20.8
126 36.5
127 33.1
128 25.9
129 30.6
130 17.6
131 18.5
132 25.6
133 23.0
134 18.3
135 31.5
136 22.1
137 21.5
138 17.4
139 35.2
140 14.8
141 19.5
142 21.0
143 24.8
144 43.5
145 47.9
146 20.0
147 17.4
148 16.7
149 15.1
150 12.8
151 14.6
152 25.0
153 32.8
154 21.2
155 30.2
156 32.1
157 45.0
158 40.6
159 33.0
160 36.8
161 34.9
162 33.3
163 37.4
164 32.4
165 38.9
166 37.4
167 35.4
168 37.1
169 26.3
170 23.8
171 27.1
172 30.0
173 29.3
174 24.4
175 26.6
176 28.8
177 40.2
178 33.7
179 20.8
180 21.2
181 22.1
182 32.3
183 29.8
184 19.6
185 38.7
186 24.4
187 25.5
188 21.6
189 32.7
190 45.9
191 49.4
192 48.1
193 39.3
194 43.2
195 37.7
196 31.7
197 40.2
198 33.6
199 36.4
200 26.3
201 21.2
202 23.0
203 20.6
204 24.2
205 32.9
206 29.3
207 26.5
208 26.4
209 20.2
210 23.6
211 42.2
212 23.0
213 24.5
214 25.5
215 26.8
216 28.2
217 32.9
218 20.5
219 21.4
220 21.3
221 24.6
222 20.8
223 31.4
224 28.7
225 32.8
226 44.0
227 39.5
228 36.0
229 40.5
230 36.7
231 35.9
232 40.5
233 36.8
234 44.0
235 34.7
236 33.8
237 28.0
238 18.4
239 20.7
240 31.2
241 20.2
242 17.5
243 29.1
244 15.6
245 43.6
246 35.6
247 27.3
248 15.9
249 16.8
250 18.5
251 16.5
252 14.7
253 14.4
254 16.9
255 24.0
256 30.6
257 32.3
258 40.0
259 32.8
260 48.3
261 48.8
262 38.8
263 44.8
264 37.3
265 37.7
266 37.9
267 38.0
268 43.2
269 57.8
270 47.9
271 46.5
272 36.4
273 40.2
274 41.6
275 40.9
276 32.7
277 33.6
278 28.6
279 38.3
280 35.0
281 35.7
282 36.9
283 35.5
284 31.4
285 26.7
286 24.2
287 30.5
288 24.8
289 19.1
290 21.5
291 24.0
292 28.1
293 33.7
294 38.9
295 37.4
296 39.3
297 27.6
298 42.4
299 34.4
300 26.5
301 39.8
302 30.5
303 35.1
304 30.2
305 27.9
306 27.7
307 30.2
308 41.2
309 37.6
310 34.5
311 40.2
312 30.0
313 23.2
314 16.3
315 18.5
316 23.2
317 29.3
318 21.0
319 20.8
320 22.8
321 20.2
322 15.6
323 17.4
324 17.6
325 20.4
326 20.7
327 38.3
328 27.2
329 26.5
330 31.2
331 27.7
332 34.4
333 37.4
334 43.6
335 32.3
336 34.2
337 38.9
338 35.4
339 32.0
340 30.3
341 33.5
342 37.6
343 24.9
344 26.2
345 27.9
346 26.4
347 27.9
348 22.9
349 20.4
350 19.9
351 21.5
352 19.0
353 19.2
354 21.6
355 22.2
356 27.7
357 25.9
358 25.3
359 23.3
360 18.4
361 24.4
362 28.0
363 23.6
364 28.5
365 21.4
366 19.1
367 23.3
368 25.0
369 41.5
370 42.7
371 51.2
372 41.2
373 27.2
374 29.6
375 29.7
376 29.6
