0 39.1
1 30.8
2 29.5
3 46.3
4 39.2
5 52.1
6 60.5
7 44.6
8 36.6
9 45.8
10 45.2
11 49.2
12 53.8
13 39.8
14 36.3
15 44.8
16 45.5
17 47.7
18 43.1
19 48.6
20 38.9
21 31.0
22 32.8
23 20.0
24 23.9
25 26.1
26 21.7
27 24.1
28 28.0
29 18.5
30 22.6
31 19.5
32 42.9
33 26.9
34 31.0
35 21.5
36 35.7
37 35.6
38 40.2
39 30.9
40 35.8
41 32.6
42 27.6
43 28.4
44 28.8
45 31.7
46 28.5
47 29.1
48 22.2
49 22.6
50 24.4
51 24.2
52 21.9
53 20.2
54 21.0
55 28.3
56 17.8
57 27.4
58 23.6
59 21.2
60 26.2
61 23.4
62 25.0
63 25.2
64 24.5
65 26.0
66 30.5
67 21.5
68 36.9
69 31.5
70 35.2
71 37.9
72 21.1
73 29.4
74 28.8
75 18.1
76 25.1
77 24.7
78 20.2
79 28.8
80 38.0
81 24.7
82 25.6
83 26.6
84 24.5
85 40.1
86 22.0
87 20.2
88 24.5
89 26.7
90 23.9
91 20.5
92 24.2
93 17.1
94 18.4
95 17.4
96 18.4
97 19.8
98 20.1
99 23.8
100 21.1
101 21.5
102 19.0
103 19.9
104 34.6
105 26.7
106 35.5
107 26.2
108 31.4
109 28.1
110 30.3
111 27.3
112 24.7
113 21.5
114 32.6
115 28.8
116 30.2
117 18.9
118 33.7
119 31.9
120 26.6
121 10.2
122 16.8
123 14.3
124 12.4
125 26.6
126 15.2
127 25.6
128 29.6
129 16.7
130 16.7
131 15.1
132 13.2
133 23.9
134 22.6
135 18.4
136 26.0
137 24.8
138 28.6
139 22.3
140 26.4
141 39.5
142 42.5
143 37.5
144 32.6
145 35.7
146 40.0
147 24.8
148 25.8
149 28.5
150 27.0
151 28.5
152 24.1
153 30.4
154 51.7
155 31.1
156 31.8
157 19.8
158 18.1
159 24.1
160 22.6
161 36.6
162 30.9
163 29.3
164 22.2
165 20.2
166 37.2
167 32.4
168 28.1
169 29.2
170 34.9
171 34.7
172 35.3
173 32.7
174 34.1
175 40.2
176 37.7
177 31.0
178 37.3
179 48.5
180 40.5
181 34.0
182 33.2
183 28.3
184 29.7
185 39.6
186 41.2
187 28.7
188 29.5
189 37.2
190 32.3
191 40.5
192 21.0
193 32.6
194 38.1
195 18.2
196 22.9
197 22.0
198 41.5
199 45.8
200 38.7
201 27.9
202 52.9
203 35.9
204 40.2
205 29.8
206 31.1
207 28.6
208 28.8
209 27.9
210 31.0
211 28.4
212 31.6
213 32.4
214 56.5
215 32.8
216 31.7
217 24.9
218 19.1
219 35.8
220 29.9
221 26.4
222 29.1
223 22.1
224 21.2
225 25.7
226 29.9
227 21.0
228 34.4
229 27.0
230 30.4
231 22.9
232 27.6
233 27.4
234 58.4
235 38.5
236 24.4
237 30.3
238 30.5
239 27.3
240 27.2
241 30.5
242 40.1
243 39.1
244 39.5
245 38.3
246 32.9
247 31.8
248 34.4
249 36.1
250 32.2
251 26.1
252 31.4
253 24.0
254 35.5
255 33.7
256 25.4
257 30.2
258 20.9
259 19.4
260 22.8
261 21.5
262 23.3
263 23.8
264 25.9
265 22.5
266 24.2
267 28.0
268 28.2
269 30.9
270 32.3
271 22.9
272 24.3
273 27.6
274 30.8
275 35.4
276 36.6
277 40.1
278 51.2
279 53.6
280 38.9
281 31.8
282 40.4
283 37.4
284 43.8
285 38.4
286 41.2
287 27.5
288 35.0
289 37.1
290 33.7
291 23.4
292 32.8
293 32.7
294 25.9
295 18.8
296 16.9
297 18.4
298 19.6
299 19.6
300 32.3
301 18.5
302 18.4
303 16.1
304 16.9
305 17.6
306 23.1
307 21.8
308 30.2
309 23.6
310 39.3
311 35.6
312 38.9
313 44.1
314 40.5
315 45.6
316 47.6
317 48.7
318 47.5
319 41.1
320 40.3
321 34.0
322 25.0
323 21.3
324 23.8
325 32.3
326 28.6
327 26.1
328 28.9
329 36.7
330 30.0
331 23.4
332 25.7
333 26.3
334 29.5
335 25.7
336 30.5
337 22.1
338 23.3
339 25.1
340 25.9
341 25.6
342 30.8
343 42.9
344 34.9
345 33.1
346 32.8
347 33.3
348 32.6
349 31.1
350 27.7
351 32.6
352 29.9
353 35.3
354 30.1
355 29.1
356 25.3
357 22.1
358 19.5
359 16.1
360 16.4
361 18.8
362 21.1
363 17.6
364 22.1
365 19.2
366 19.2
367 22.3
368 64.0
369 30.1
370 56.1
371 31.5
372 24.8
373 30.2
374 18.7
