0 50.4
1 38.6
2 59.2
3 46.3
4 50.0
5 41.8
6 31.3
7 34.9
8 42.8
9 47.1
10 45.2
11 59.6
12 33.8
13 38.4
14 34.7
15 31.0
16 35.2
17 27.1
18 30.9
19 24.5
20 22.8
21 25.2
22 37.3
23 24.8
24 24.3
25 25.5
26 23.3
27 30.7
28 27.5
29 25.0
30 30.7
31 34.7
32 37.2
33 43.7
34 40.1
35 40.5
36 35.6
37 37.2
38 26.4
39 26.5
40 29.7
41 33.6
42 29.8
43 25.7
44 20.8
45 17.9
46 21.8
47 20.7
48 22.7
49 28.5
50 33.5
51 29.1
52 37.7
53 31.6
54 27.5
55 29.5
56 29.0
57 20.7
58 22.3
59 21.7
60 20.5
61 22.3
62 18.6
63 18.5
64 35.2
65 22.2
66 31.0
67 28.1
68 25.0
69 27.8
70 38.6
71 33.6
72 34.2
73 28.6
74 33.5
75 34.9
76 25.1
77 25.5
78 19.7
79 32.0
80 21.9
81 17.6
82 23.3
83 15.6
84 26.8
85 16.4
86 20.8
87 22.1
88 23.8
89 22.7
90 16.7
91 11.7
92 14.2
93 16.0
94 12.5
95 16.7
96 19.8
97 32.7
98 30.2
99 28.4
100 31.7
101 34.1
102 32.4
103 31.3
104 31.3
105 37.0
106 26.8
107 39.8
108 50.8
109 40.0
110 46.3
111 27.2
112 30.2
113 25.7
114 23.8
115 27.6
116 20.7
117 27.2
118 21.5
119 24.1
120 28.1
121 23.6
122 31.8
123 18.1
124 17.4
125 24.6
126 22.3
127 25.3
128 17.6
129 20.8
130 15.4
131 21.1
132 21.5
133 23.8
134 34.6
135 38.2
136 32.6
137 42.4
138 33.6
139 29.6
140 29.1
141 29.5
142 30.2
143 23.2
144 46.7
145 35.5
146 27.1
147 18.0
148 21.9
149 24.2
150 23.4
151 23.6
152 30.9
153 32.5
154 26.4
155 22.5
156 23.9
157 46.3
158 25.1
159 23.4
160 19.5
161 19.0
162 22.5
163 15.6
164 12.7
165 30.0
166 33.7
167 29.7
168 33.0
169 32.4
170 45.0
171 44.7
172 38.5
173 37.4
174 37.7
175 34.0
176 40.2
177 36.2
178 34.5
179 29.2
180 33.1
181 40.9
182 40.3
183 25.9
184 33.9
185 37.3
186 28.6
187 27.1
188 26.3
189 38.0
190 45.9
191 41.2
192 38.9
193 35.6
194 44.2
195 46.2
196 20.5
197 18.3
198 17.6
199 18.9
200 33.1
201 32.4
202 33.8
203 38.5
204 40.1
205 34.8
206 33.6
207 33.2
208 33.0
209 38.3
210 57.7
211 36.0
212 41.3
213 36.8
214 41.9
215 29.8
216 30.2
217 32.0
218 31.2
219 26.6
220 27.0
221 24.2
222 30.9
223 28.5
224 41.6
225 32.9
226 30.8
227 21.5
228 27.9
229 31.5
230 29.0
231 22.9
232 23.0
233 32.6
234 30.1
235 34.5
236 26.0
237 19.9
238 34.8
239 29.2
240 37.1
241 29.2
242 37.2
243 32.8
244 37.5
245 41.9
246 40.2
247 31.9
248 30.0
249 28.2
250 19.4
251 19.9
252 25.3
253 39.7
254 23.6
255 23.3
256 18.4
257 25.8
258 23.7
259 23.0
260 28.0
261 24.5
262 23.0
263 24.9
264 18.8
265 25.1
266 20.6
267 22.3
268 39.3
269 51.2
270 51.7
271 37.3
272 38.5
273 53.3
274 47.9
275 46.2
276 40.6
277 40.8
278 42.7
279 37.2
280 49.4
281 39.0
282 40.8
283 42.1
284 39.2
285 27.6
286 35.7
287 26.1
288 19.0
289 20.7
290 27.1
291 25.6
292 31.4
293 27.0
294 26.3
295 24.7
296 24.2
297 35.4
298 22.1
299 21.8
300 21.2
301 27.0
302 27.9
303 27.9
304 31.6
305 37.5
306 30.1
307 40.2
308 34.9
309 47.5
310 40.5
311 45.8
312 44.1
313 42.7
314 33.0
315 26.2
316 32.8
317 27.9
318 29.6
319 29.8
320 26.6
321 27.0
322 17.7
323 17.4
324 30.4
325 22.4
326 37.7
327 25.4
328 28.1
329 28.2
330 31.3
331 22.1
332 21.0
333 20.7
334 16.1
335 16.8
336 15.3
337 15.8
338 18.3
339 24.9
340 29.4
341 27.2
342 31.4
343 27.7
344 31.9
345 36.5
346 34.1
347 40.2
348 30.2
349 30.2
350 26.0
351 26.2
352 27.9
353 35.1
354 26.9
355 22.7
356 24.5
357 21.2
358 23.9
359 23.0
360 21.1
361 22.9
362 17.9
363 14.2
364 23.3
365 16.0
366 26.6
367 26.2
368 59.7
369 17.3
370 29.0
371 27.0
372 29.8
373 25.2
