0 49.6
1 49.6
2 49.6
3 49.6
4 49.5
5 49.7
6 49.8
7 50.2
8 50.1
9 49.9
10 49.7
11 49.7
12 49.7
13 49.6
14 49.6
15 49.5
16 49.5
17 49.4
18 49.3
19 49.3
20 49.2
21 49.2
22 49.2
23 49.2
24 49.2
25 49.1
26 49.2
27 49.2
28 49.2
29 49.2
30 49.2
31 49.2
32 49.2
33 49.2
34 49.1
35 49.1
36 49.1
37 49.1
38 49.1
39 49.1
40 49.1
41 49.1
42 49.8
43 50.0
44 49.7
45 49.8
46 49.8
47 49.0
48 49.0
49 49.0
50 49.0
51 48.9
52 49.0
53 49.2
54 49.2
55 49.2
56 49.0
57 49.0
58 49.0
59 49.0
60 48.9
61 48.9
62 48.9
63 48.9
64 48.9
65 48.9
66 48.9
67 48.9
68 48.9
69 48.9
70 48.9
71 48.9
72 48.9
73 48.9
74 48.9
75 48.9
76 48.9
77 48.9
78 48.9
79 48.9
80 48.7
81 48.6
82 48.7
83 48.7
84 48.7
85 48.7
86 48.7
87 48.7
88 48.6
89 48.7
90 48.7
91 49.3
92 49.4
93 49.3
94 49.4
95 49.4
96 48.7
97 48.7
98 48.7
99 48.7
100 48.7
101 48.7
102 48.7
103 48.7
104 48.8
105 48.8
106 48.8
107 48.7
108 48.7
109 48.7
110 48.7
111 48.7
112 48.7
113 48.7
114 48.7
115 48.7
116 48.7
117 48.7
118 48.7
119 48.7
120 48.7
121 48.7
122 48.7
123 48.7
124 48.7
125 48.7
126 48.7
127 48.7
128 48.7
129 48.7
130 48.7
131 48.6
132 48.6
133 48.6
134 48.6
135 48.6
136 48.6
137 48.7
138 48.6
139 48.6
140 48.7
141 49.4
142 49.4
143 49.5
144 49.6
145 48.9
146 49.0
147 49.0
148 48.9
149 48.9
150 48.9
151 48.9
152 48.9
153 48.9
154 48.9
155 48.9
156 48.9
157 48.9
158 48.9
159 48.9
160 48.9
161 48.9
162 48.9
163 48.8
164 48.7
165 48.8
166 48.8
167 48.8
168 48.8
169 48.8
170 48.8
171 48.8
172 48.8
173 48.8
174 48.8
175 48.8
176 48.7
177 48.8
178 48.7
179 48.8
180 48.7
181 48.8
182 48.7
183 48.7
184 48.7
185 48.7
186 48.7
187 48.7
188 48.7
189 48.7
190 49.7
191 49.6
192 49.6
193 49.6
194 49.6
195 48.9
196 48.9
197 48.8
198 48.8
199 48.8
200 48.8
201 48.8
202 48.8
203 48.8
204 48.8
205 48.8
206 48.8
207 48.8
208 48.8
209 48.8
210 48.8
211 48.8
212 48.8
213 48.8
214 48.8
215 48.8
216 48.8
217 48.8
218 48.7
219 48.8
220 48.8
221 48.8
222 48.8
223 48.7
224 48.7
225 48.8
226 48.8
227 48.7
228 48.7
229 48.8
230 48.8
231 48.8
232 48.8
233 48.7
234 48.8
235 48.8
236 48.7
237 48.7
238 48.7
239 48.7
240 49.5
241 49.5
242 49.5
243 49.5
244 49.5
245 48.8
246 48.8
247 48.8
248 48.8
249 48.8
250 48.8
251 48.8
252 48.8
253 48.8
254 48.8
255 48.8
256 48.8
257 48.8
258 48.8
259 48.8
260 48.8
261 48.8
262 48.8
263 48.7
264 48.8
265 48.7
266 48.7
267 48.8
268 48.7
269 48.8
270 48.8
271 48.8
272 48.7
273 48.7
274 48.7
275 48.7
276 48.8
277 48.7
278 48.7
279 48.7
280 48.7
281 48.7
282 48.7
283 48.7
284 48.7
285 48.7
286 48.7
287 48.7
288 48.7
289 49.5
290 49.5
291 49.5
292 49.5
293 49.5
294 48.8
295 48.8
296 48.8
297 48.8
298 48.8
299 48.8
300 48.8
301 48.8
302 48.8
303 48.8
304 48.7
305 48.7
306 48.7
307 48.7
308 48.7
309 48.7
310 48.7
311 48.7
312 48.7
313 48.7
314 48.7
315 48.7
316 48.7
317 48.7
318 48.7
319 48.7
320 48.7
321 48.7
322 48.7
323 48.7
324 48.7
325 48.7
326 48.7
327 48.7
328 48.7
329 48.7
330 48.7
331 48.7
332 48.7
333 48.7
334 48.7
335 48.7
336 48.7
337 48.7
338 49.4
339 49.4
340 49.4
341 49.4
342 49.4
343 48.8
344 48.8
345 48.8
346 48.8
347 48.8
348 48.8
349 48.8
350 48.8
351 48.8
352 48.8
353 48.7
354 48.7
355 48.7
356 48.7
357 48.7
358 48.7
359 48.7
360 48.7
361 48.7
362 48.7
363 48.7
364 48.7
365 48.7
366 48.7
367 48.7
368 48.7
369 48.7
370 48.7
371 48.7
372 48.7
373 48.7
374 48.7
375 48.7
376 48.7
377 48.7
378 48.7
379 48.7
380 49.3
381 49.5
382 50.2
383 50.2
384 50.3
385 50.3
