0 49.3
1 49.3
2 49.7
3 49.7
4 49.7
5 49.7
6 49.9
7 49.2
8 49.5
9 49.7
10 49.6
11 49.4
12 49.4
13 49.4
14 49.3
15 49.2
16 49.2
17 49.1
18 49.0
19 49.0
20 48.7
21 48.7
22 48.7
23 48.7
24 48.7
25 48.7
26 48.7
27 48.7
28 48.7
29 48.7
30 48.7
31 48.7
32 48.7
33 48.7
34 48.7
35 48.7
36 48.7
37 48.7
38 48.7
39 48.7
40 48.7
41 48.7
42 48.7
43 48.7
44 48.7
45 48.7
46 48.7
47 48.5
48 48.6
49 48.5
50 48.5
51 48.5
52 49.2
53 49.2
54 49.4
55 49.4
56 49.4
57 48.6
58 48.6
59 48.6
60 48.6
61 48.6
62 48.6
63 48.6
64 48.6
65 48.5
66 48.5
67 48.5
68 48.5
69 48.5
70 48.5
71 48.5
72 48.5
73 48.5
74 48.5
75 48.5
76 48.5
77 48.5
78 48.5
79 48.5
80 48.5
81 48.5
82 48.5
83 48.5
84 48.5
85 48.5
86 48.5
87 48.5
88 48.5
89 48.5
90 48.5
91 48.5
92 48.5
93 48.5
94 48.5
95 48.5
96 48.5
97 48.5
98 48.5
99 48.5
100 48.5
101 49.2
102 49.2
103 49.2
104 49.2
105 49.2
106 48.6
107 48.5
108 48.6
109 48.6
110 48.6
111 48.6
112 48.6
113 48.6
114 48.7
115 48.7
116 48.6
117 48.6
118 48.6
119 48.5
120 48.5
121 48.5
122 48.5
123 48.5
124 48.5
125 48.5
126 48.5
127 48.5
128 48.5
129 48.5
130 48.5
131 48.5
132 48.5
133 48.5
134 48.5
135 48.5
136 48.5
137 48.5
138 48.8
139 48.8
140 48.8
141 48.8
142 48.8
143 48.8
144 48.8
145 48.7
146 48.7
147 48.7
148 48.7
149 48.7
150 48.7
151 49.5
152 49.5
153 49.5
154 49.5
155 48.8
156 48.8
157 48.8
158 48.8
159 48.7
160 48.7
161 48.7
162 48.7
163 48.7
164 48.7
165 48.7
166 48.7
167 48.7
168 48.7
169 48.7
170 48.7
171 48.7
172 48.7
173 48.7
174 48.7
175 48.7
176 48.7
177 48.7
178 48.6
179 48.5
180 48.6
181 48.6
182 48.6
183 48.6
184 48.6
185 48.6
186 48.6
187 48.6
188 48.6
189 48.5
190 48.6
191 48.7
192 48.6
193 48.7
194 48.7
195 48.7
196 48.7
197 48.7
198 48.7
199 48.7
200 49.7
201 48.6
202 48.6
203 48.6
204 47.9
205 48.0
206 48.0
207 48.0
208 48.0
209 48.2
210 48.2
211 48.2
212 48.2
213 48.2
214 48.2
215 48.2
216 48.2
217 48.2
218 48.2
219 48.2
220 48.2
221 48.2
222 48.2
223 48.2
224 48.2
225 48.2
226 48.2
227 48.2
228 48.2
229 48.2
230 48.2
231 48.1
232 48.2
233 48.2
234 48.2
235 48.2
236 48.2
237 48.1
238 48.2
239 48.2
240 48.2
241 48.2
242 48.2
243 48.1
244 48.1
245 48.2
246 48.1
247 48.2
248 48.2
249 48.8
250 48.9
251 48.9
252 48.9
253 48.9
254 48.3
255 48.2
256 48.2
257 48.2
258 48.2
259 48.1
260 48.1
261 48.1
262 48.1
263 48.1
264 48.1
265 48.1
266 48.1
267 48.1
268 48.1
269 48.1
270 48.1
271 48.1
272 48.1
273 48.1
274 48.1
275 48.1
276 48.1
277 48.1
278 48.1
279 48.1
280 48.1
281 48.1
282 48.1
283 48.1
284 48.1
285 48.1
286 48.1
287 48.1
288 48.1
289 48.1
290 48.1
291 48.1
292 48.1
293 48.1
294 48.1
295 48.0
296 48.1
297 48.1
298 48.7
299 48.8
300 48.9
301 48.9
302 48.9
303 48.1
304 48.2
305 48.1
306 48.1
307 48.1
308 48.1
309 48.1
310 48.1
311 48.1
312 48.1
313 48.1
314 48.1
315 48.1
316 48.1
317 48.1
318 48.1
319 48.1
320 48.1
321 48.1
322 48.1
323 48.1
324 48.1
325 48.1
326 48.1
327 48.1
328 48.1
329 48.1
330 48.1
331 48.1
332 48.1
333 48.1
334 48.1
335 48.1
336 48.1
337 48.1
338 48.1
339 48.1
340 48.1
341 48.1
342 48.1
343 48.1
344 48.3
345 48.3
346 48.3
347 48.1
348 48.8
349 48.8
350 48.8
351 48.8
352 48.8
353 48.2
354 48.2
355 48.2
356 48.2
357 48.2
358 48.2
359 48.2
360 48.2
361 48.2
362 48.3
363 48.3
364 48.4
365 48.4
366 48.3
367 48.3
368 48.3
369 48.9
370 48.9
371 49.6
372 49.6
373 49.6
374 49.5
