0 51.2
1 51.2
2 51.2
3 51.1
4 51.4
5 52.0
6 52.1
7 52.1
8 52.1
9 52.0
10 51.3
11 51.1
12 51.3
13 51.3
14 51.3
15 51.3
16 51.3
17 51.3
18 51.3
19 51.6
20 51.9
21 51.9
22 51.6
23 51.6
24 51.5
25 51.4
26 51.4
27 51.3
28 51.2
29 51.2
30 51.1
31 50.9
32 50.9
33 50.8
34 50.8
35 50.8
36 50.8
37 50.8
38 50.8
39 50.8
40 50.8
41 50.8
42 50.8
43 50.8
44 50.8
45 50.8
46 50.8
47 50.8
48 50.8
49 50.8
50 50.8
51 50.8
52 50.8
53 50.8
54 50.8
55 51.6
56 51.6
57 51.6
58 51.5
59 51.5
60 50.8
61 50.8
62 50.8
63 50.8
64 50.8
65 50.9
66 51.0
67 51.0
68 50.8
69 50.8
70 50.8
71 50.8
72 50.8
73 50.8
74 50.8
75 50.8
76 50.8
77 50.8
78 50.8
79 50.7
80 50.7
81 50.7
82 50.7
83 50.7
84 50.7
85 50.7
86 50.7
87 50.7
88 50.7
89 50.7
90 50.7
91 50.7
92 50.7
93 50.7
94 50.7
95 50.7
96 50.7
97 50.7
98 50.7
99 50.7
100 50.7
101 50.6
102 50.7
103 50.7
104 51.3
105 51.3
106 51.3
107 51.3
108 51.3
109 50.7
110 50.7
111 50.7
112 50.7
113 50.7
114 50.7
115 50.7
116 50.8
117 50.8
118 50.8
119 50.7
120 50.7
121 50.7
122 50.7
123 50.7
124 50.7
125 50.7
126 50.7
127 50.7
128 50.7
129 50.7
130 50.7
131 50.7
132 50.7
133 50.6
134 50.7
135 50.7
136 50.6
137 50.7
138 50.6
139 50.6
140 50.6
141 50.6
142 50.6
143 50.6
144 50.6
145 50.6
146 50.6
147 50.6
148 50.6
149 50.6
150 50.6
151 50.6
152 50.6
153 51.4
154 51.6
155 51.6
156 51.6
157 51.6
158 50.9
159 50.9
160 50.9
161 50.9
162 50.9
163 50.9
164 50.9
165 50.9
166 50.9
167 50.9
168 50.9
169 50.9
170 50.8
171 50.8
172 50.8
173 50.8
174 50.8
175 50.8
176 50.8
177 50.8
178 50.8
179 50.8
180 50.8
181 50.8
182 50.8
183 50.8
184 50.8
185 50.8
186 50.8
187 50.8
188 50.8
189 50.8
190 50.8
191 50.8
192 50.8
193 50.8
194 50.8
195 50.8
196 50.7
197 50.7
198 50.7
199 50.7
200 50.7
201 50.7
202 51.6
203 51.5
204 51.6
205 51.6
206 51.6
207 50.9
208 50.9
209 50.9
210 50.9
211 50.9
212 50.9
213 50.8
214 50.9
215 50.8
216 50.8
217 50.8
218 50.8
219 50.8
220 50.8
221 50.8
222 50.8
223 50.8
224 50.8
225 50.8
226 50.8
227 50.8
228 50.8
229 50.8
230 50.8
231 50.8
232 50.8
233 50.8
234 50.7
235 50.6
236 50.7
237 50.7
238 50.7
239 50.7
240 50.7
241 50.7
242 50.7
243 50.7
244 49.5
245 49.5
246 49.5
247 49.5
248 49.5
249 49.5
250 49.5
251 49.5
252 50.1
253 50.1
254 50.1
255 50.1
256 50.1
257 49.6
258 49.6
259 49.6
260 49.6
261 49.6
262 49.6
263 49.6
264 49.6
265 49.6
266 49.5
267 49.6
268 49.6
269 49.6
270 49.6
271 49.5
272 49.5
273 49.5
274 49.5
275 49.5
276 49.5
277 49.5
278 49.5
279 49.5
280 49.2
281 49.1
282 49.1
283 49.1
284 49.1
285 49.1
286 49.1
287 49.1
288 49.1
289 49.1
290 49.1
291 49.1
292 49.1
293 49.1
294 49.1
295 49.1
296 49.1
297 49.1
298 49.1
299 49.1
300 49.1
301 49.7
302 49.7
303 49.7
304 49.7
305 49.7
306 49.2
307 49.2
308 49.2
309 49.1
310 49.1
311 49.1
312 49.1
313 49.1
314 49.1
315 49.1
316 49.1
317 49.1
318 49.1
319 49.1
320 49.1
321 49.1
322 49.1
323 49.1
324 49.1
325 49.1
326 49.1
327 49.1
328 49.1
329 49.1
330 49.1
331 49.1
332 49.1
333 49.1
334 49.1
335 49.1
336 49.0
337 49.1
338 49.1
339 49.1
340 49.1
341 49.1
342 49.1
343 49.1
344 49.1
345 49.1
346 49.1
347 49.1
348 49.0
349 49.1
350 49.1
351 49.7
352 49.7
353 49.7
354 49.7
355 49.0
356 49.2
357 49.2
358 49.2
359 49.2
360 49.2
361 49.1
362 49.2
363 49.1
364 49.1
365 49.1
366 49.1
367 49.1
368 50.8
369 50.9
370 51.5
371 51.5
372 51.5
373 51.5
374 51.5
