0 51.6
1 51.6
2 51.4
3 51.4
4 51.4
5 51.4
6 51.6
7 51.6
8 51.8
9 51.8
10 51.6
11 51.6
12 51.6
13 51.5
14 51.4
15 51.4
16 51.4
17 50.9
18 50.8
19 50.7
20 50.6
21 50.6
22 50.6
23 50.6
24 50.6
25 50.6
26 50.6
27 50.6
28 50.5
29 50.5
30 50.5
31 50.4
32 50.4
33 50.4
34 50.4
35 50.4
36 50.4
37 50.4
38 50.4
39 50.4
40 50.3
41 50.3
42 50.3
43 50.3
44 50.9
45 50.9
46 50.9
47 50.9
48 50.9
49 50.3
50 50.3
51 50.3
52 50.3
53 50.3
54 50.5
55 50.5
56 50.5
57 50.3
58 50.3
59 50.3
60 50.3
61 50.2
62 50.2
63 50.2
64 50.2
65 50.2
66 50.2
67 50.2
68 50.2
69 50.2
70 50.2
71 50.2
72 50.2
73 50.2
74 50.2
75 50.2
76 50.2
77 50.2
78 50.2
79 50.2
80 50.2
81 50.2
82 50.2
83 50.2
84 50.2
85 50.2
86 50.2
87 50.2
88 50.2
89 50.2
90 50.2
91 50.2
92 50.2
93 50.8
94 50.8
95 50.8
96 50.8
97 50.8
98 50.1
99 50.2
100 50.2
101 50.2
102 50.2
103 50.2
104 50.2
105 50.2
106 50.2
107 50.3
108 50.3
109 50.3
110 50.2
111 50.2
112 50.2
113 50.2
114 50.2
115 50.2
116 50.2
117 50.2
118 50.2
119 50.2
120 50.2
121 50.2
122 50.2
123 50.2
124 50.2
125 50.2
126 50.2
127 50.2
128 50.2
129 50.2
130 50.1
131 50.2
132 50.2
133 50.1
134 50.2
135 50.1
136 50.2
137 50.2
138 50.1
139 50.2
140 50.1
141 50.2
142 50.1
143 50.8
144 50.8
145 50.9
146 50.9
147 50.9
148 50.2
149 50.2
150 50.4
151 50.4
152 50.4
153 50.4
154 50.4
155 50.4
156 50.4
157 50.4
158 50.4
159 50.4
160 50.4
161 50.3
162 50.3
163 50.3
164 50.3
165 50.3
166 50.3
167 50.3
168 50.3
169 50.3
170 50.3
171 50.3
172 50.3
173 50.3
174 50.3
175 50.3
176 50.3
177 50.3
178 50.3
179 50.3
180 50.3
181 50.2
182 50.2
183 50.2
184 50.2
185 50.2
186 50.2
187 50.2
188 50.2
189 50.2
190 50.2
191 50.2
192 50.5
193 51.1
194 51.1
195 51.3
196 50.3
197 50.4
198 49.7
199 49.7
200 49.7
201 49.7
202 49.7
203 49.7
204 49.7
205 49.7
206 49.7
207 49.7
208 49.7
209 49.7
210 49.7
211 49.7
212 49.6
213 49.7
214 49.7
215 49.6
216 49.7
217 49.7
218 49.6
219 49.7
220 49.6
221 49.6
222 49.6
223 49.6
224 49.6
225 49.6
226 49.6
227 49.6
228 49.6
229 49.6
230 49.6
231 49.6
232 49.6
233 49.6
234 49.6
235 49.6
236 49.6
237 49.6
238 49.6
239 49.6
240 49.6
241 49.6
242 50.3
243 50.3
244 50.4
245 50.3
246 50.4
247 49.7
248 49.7
249 49.7
250 49.7
251 49.7
252 49.7
253 49.7
254 49.7
255 49.7
256 49.7
257 49.7
258 49.6
259 49.6
260 49.6
261 49.6
262 49.6
263 49.6
264 49.6
265 49.6
266 49.6
267 49.6
268 49.6
269 49.6
270 49.6
271 49.6
272 49.6
273 49.6
274 49.6
275 49.6
276 49.6
277 49.6
278 49.6
279 49.6
280 49.6
281 49.6
282 49.6
283 49.6
284 49.6
285 49.6
286 49.6
287 49.6
288 49.6
289 49.6
290 49.6
291 49.6
292 50.3
293 50.3
294 50.3
295 50.3
296 50.3
297 47.9
298 46.2
299 46.3
300 46.3
301 46.3
302 46.3
303 46.3
304 46.3
305 46.3
306 46.3
307 46.3
308 46.3
309 46.3
310 46.3
311 46.3
312 46.3
313 46.3
314 46.3
315 46.3
316 46.3
317 46.3
318 46.3
319 46.3
320 46.3
321 46.3
322 46.3
323 46.3
324 46.3
325 46.3
326 46.3
327 46.3
328 46.3
329 46.3
330 46.3
331 46.3
332 46.3
333 46.3
334 46.3
335 46.3
336 46.3
337 46.3
338 46.3
339 46.3
340 46.3
341 46.9
342 47.0
343 47.0
344 47.0
345 47.1
346 46.4
347 46.6
348 46.5
349 46.6
350 46.5
351 46.5
352 46.5
353 46.5
354 46.5
355 46.5
356 46.5
357 46.5
358 46.5
359 46.5
360 46.5
361 46.5
362 46.5
363 46.5
364 46.5
365 46.5
366 46.6
367 46.5
368 46.6
369 46.6
370 46.6
371 46.6
372 46.6
373 46.6
374 46.6
375 46.6
376 46.5
377 46.5
378 46.5
379 46.5
380 46.5
381 46.5
382 46.5
383 46.5
384 46.5
385 46.5
386 46.5
387 46.5
388 46.5
389 46.5
390 46.5
391 47.1
392 47.2
393 47.2
394 47.2
395 47.2
396 46.6
397 46.6
398 46.6
399 46.6
400 46.6
401 46.6
402 46.6
403 46.6
404 46.6
405 46.6
406 46.6
407 46.6
408 46.6
409 46.6
410 46.6
411 46.6
412 46.6
413 46.6
414 46.6
415 46.6
416 46.6
417 46.6
418 46.6
419 46.6
420 46.6
421 46.6
422 46.6
423 46.6
424 46.6
425 46.6
426 46.6
427 46.6
428 46.6
429 46.6
430 46.6
431 46.6
432 46.6
433 46.6
434 46.6
435 46.6
436 46.6
437 46.6
438 46.6
439 46.6
440 47.2
441 47.2
442 47.2
443 47.2
444 47.2
445 46.6
446 46.7
447 46.7
448 46.6
449 46.7
450 46.6
451 46.6
452 46.6
453 46.6
454 46.6
455 46.6
456 46.6
457 46.6
458 46.6
459 46.6
460 46.6
461 46.6
462 46.6
463 46.7
464 46.7
465 46.7
466 46.6
467 46.6
468 46.7
469 46.6
470 46.7
471 46.6
472 46.7
473 46.7
474 46.7
475 46.8
476 46.8
477 46.8
478 46.8
479 46.8
480 46.8
481 46.8
482 46.8
483 46.8
484 46.8
485 46.8
486 46.8
487 46.8
488 46.8
489 46.8
490 47.4
491 47.4
492 47.5
493 47.5
494 46.8
495 46.9
496 46.9
497 46.9
498 46.9
499 46.9
500 46.9
501 46.9
502 46.9
503 46.8
504 46.8
505 46.8
506 46.8
507 46.8
508 46.8
509 46.8
510 46.8
511 46.8
512 46.8
513 46.8
514 46.8
515 46.8
516 46.8
517 46.8
518 46.8
519 46.8
520 46.8
521 46.8
522 46.8
523 46.8
524 46.8
525 46.8
526 46.8
527 46.8
528 46.8
529 46.8
530 46.8
531 46.8
532 46.8
533 46.8
534 46.8
535 46.9
536 46.8
537 46.8
538 46.8
539 47.5
540 47.5
541 47.5
542 47.5
543 47.5
544 47.0
545 46.9
546 47.0
547 47.0
548 46.9
549 47.0
550 46.9
551 46.9
552 46.9
553 46.9
554 46.9
555 46.9
556 46.9
557 46.9
558 46.9
559 46.9
560 46.9
561 46.9
562 46.9
563 46.9
564 46.9
565 46.9
566 46.9
567 46.9
568 46.9
569 46.9
570 46.9
571 46.9
572 46.9
573 46.9
574 46.9
575 46.9
576 46.9
577 46.9
578 46.9
579 46.9
580 46.9
581 46.9
582 46.9
583 46.9
584 46.9
585 46.9
586 46.9
587 46.9
588 46.9
589 47.5
590 47.5
591 47.6
592 47.6
593 46.9
594 47.0
595 47.0
596 47.0
597 47.0
598 47.0
599 47.0
600 47.0
601 47.0
602 46.9
603 46.9
604 46.9
605 46.9
606 46.9
607 46.9
608 46.9
609 46.9
610 46.9
611 46.9
612 46.9
613 46.9
614 46.9
615 46.9
616 46.9
617 46.9
618 46.9
619 46.9
620 46.9
621 46.8
622 46.9
623 46.9
624 46.9
625 46.9
626 46.9
627 46.9
628 46.9
629 46.9
630 46.9
631 46.9
632 46.9
633 46.9
634 47.0
635 47.0
636 47.0
637 46.9
638 47.5
639 47.5
640 47.5
641 47.5
642 47.6
643 47.0
644 47.0
645 47.0
646 47.0
647 47.0
648 47.0
649 47.0
650 46.9
651 47.0
652 47.0
653 46.9
654 46.9
655 46.9
656 46.9
657 46.9
658 46.9
659 46.9
660 46.9
661 46.9
662 46.9
663 46.9
664 46.9
665 46.9
666 46.9
667 46.9
668 46.9
669 46.9
670 46.9
671 46.9
672 46.9
673 46.9
674 46.9
675 46.9
676 46.9
677 46.9
678 46.9
679 46.9
680 46.9
681 46.9
682 46.9
683 46.9
684 46.9
685 46.9
686 46.9
687 46.9
688 47.6
689 47.6
690 47.6
691 47.6
692 47.6
693 47.0
694 47.0
695 47.1
696 47.1
697 47.1
698 47.1
699 47.1
700 47.1
701 47.1
702 47.1
703 47.0
704 47.0
705 47.1
706 47.1
707 47.0
708 47.0
709 47.0
710 47.0
711 47.0
712 47.0
713 47.0
714 47.0
715 47.0
716 47.0
717 47.0
718 47.0
719 47.0
720 47.0
721 47.0
722 47.0
723 47.0
724 47.1
725 47.0
726 47.0
727 47.0
728 47.0
729 47.0
730 47.0
731 47.0
732 47.0
733 47.0
734 47.0
735 47.0
736 47.0
737 47.6
738 47.7
739 47.7
740 47.7
741 47.7
742 47.0
743 47.1
744 47.1
745 47.1
746 47.1
747 47.1
748 47.1
749 47.1
750 47.1
751 47.1
752 47.1
753 47.1
754 47.1
755 47.1
756 47.1
757 47.0
758 47.1
759 47.1
760 47.0
761 47.1
762 46.6
763 46.6
764 46.6
765 46.5
766 46.6
767 46.6
768 46.6
769 46.6
770 46.6
771 46.6
772 46.6
773 46.6
774 46.6
775 46.6
776 46.6
777 46.6
778 46.6
779 46.6
780 46.6
781 46.6
782 46.6
783 46.6
784 46.6
785 46.6
786 47.1
787 47.1
788 47.2
789 47.2
790 47.2
791 46.6
792 46.7
793 46.7
794 46.7
795 46.7
796 46.7
797 46.7
798 46.7
799 47.9
800 47.9
801 48.1
802 48.2
803 48.2
804 48.2
805 48.4
806 48.4
807 48.4
808 48.4
809 48.4
810 48.3
811 48.4
812 48.3
813 48.3
814 48.3
815 48.2
816 48.2
817 48.2
818 48.2
819 48.1
820 48.2
821 48.2
822 48.1
823 48.2
824 48.1
825 48.1
826 48.1
827 48.1
828 48.1
829 48.0
830 48.0
831 49.0
832 49.1
833 49.8
834 49.8
835 49.8
836 50.3
