0 49.8
1 49.8
2 49.5
3 49.5
4 49.7
5 49.6
6 49.6
7 49.6
8 49.7
9 49.7
10 49.6
11 49.9
12 49.8
13 49.7
14 49.6
15 49.7
16 49.6
17 49.6
18 49.5
19 49.4
20 49.2
21 49.1
22 49.1
23 49.1
24 49.0
25 49.0
26 49.0
27 49.0
28 49.7
29 49.8
30 49.7
31 49.8
32 49.0
33 49.1
34 49.1
35 49.1
36 49.1
37 49.1
38 49.1
39 49.1
40 49.1
41 49.1
42 49.1
43 49.0
44 49.0
45 49.0
46 49.0
47 49.1
48 49.1
49 49.0
50 49.1
51 49.0
52 48.9
53 48.9
54 48.9
55 48.9
56 49.1
57 49.1
58 49.1
59 48.9
60 49.0
61 49.0
62 48.9
63 48.9
64 48.9
65 48.9
66 48.9
67 48.9
68 48.9
69 48.9
70 48.9
71 48.9
72 48.9
73 48.9
74 48.8
75 48.9
76 48.9
77 49.5
78 49.5
79 49.5
80 49.5
81 49.5
82 48.9
83 48.9
84 48.9
85 48.9
86 48.9
87 48.9
88 48.9
89 48.8
90 48.8
91 48.8
92 48.8
93 48.8
94 48.8
95 48.8
96 48.8
97 48.8
98 48.8
99 48.8
100 48.8
101 48.8
102 48.8
103 48.8
104 48.8
105 48.8
106 48.8
107 48.8
108 48.8
109 48.8
110 48.8
111 48.8
112 48.8
113 48.8
114 48.9
115 49.0
116 48.9
117 48.9
118 48.8
119 48.8
120 48.8
121 48.8
122 48.8
123 48.8
124 48.8
125 48.8
126 49.0
127 49.5
128 49.5
129 49.5
130 49.5
131 48.8
132 48.9
133 48.9
134 48.9
135 48.9
136 48.9
137 48.8
138 48.9
139 48.8
140 48.8
141 48.8
142 48.8
143 48.8
144 49.0
145 49.1
146 49.0
147 49.0
148 49.1
149 49.0
150 49.0
151 49.0
152 49.0
153 49.0
154 49.0
155 49.0
156 49.0
157 49.0
158 49.0
159 49.0
160 49.0
161 49.0
162 49.0
163 49.0
164 49.0
165 49.0
166 48.9
167 48.9
168 48.9
169 48.9
170 48.9
171 48.9
172 48.9
173 48.9
174 48.9
175 48.9
176 49.7
177 49.8
178 49.7
179 49.8
180 49.8
181 49.1
182 49.1
183 49.1
184 49.0
185 49.0
186 49.0
187 49.0
188 49.0
189 48.9
190 48.9
191 48.9
192 48.9
193 48.9
194 49.3
195 49.1
196 49.1
197 49.0
198 49.0
199 49.0
200 49.3
201 48.2
202 48.2
203 48.2
204 48.2
205 48.2
206 48.2
207 48.2
208 48.2
209 48.3
210 48.3
211 48.3
212 48.3
213 48.3
214 48.3
215 48.3
216 48.3
217 48.3
218 48.3
219 48.3
220 48.3
221 48.3
222 48.3
223 48.3
224 48.3
225 49.0
226 49.1
227 49.1
228 49.1
229 49.1
230 48.5
231 48.5
232 48.5
233 48.5
234 48.4
235 48.4
236 48.5
237 48.4
238 48.4
239 48.4
240 48.3
241 48.4
242 48.4
243 48.4
244 48.4
245 48.4
246 48.4
247 48.4
248 48.4
249 48.4
250 48.4
251 48.4
252 48.4
253 48.3
254 48.4
255 48.3
256 48.4
257 48.4
258 48.3
259 48.3
260 48.3
261 48.3
262 48.3
263 48.3
264 48.3
265 48.3
266 48.3
267 48.3
268 48.3
269 48.3
270 48.3
271 48.3
272 48.3
273 48.3
274 48.3
275 49.0
276 49.0
277 49.0
278 49.0
279 49.1
280 48.4
281 48.4
282 48.4
283 48.4
284 48.4
285 48.4
286 48.4
287 48.4
288 48.4
289 48.4
290 48.4
291 48.3
292 48.4
293 48.4
294 48.4
295 48.4
296 48.4
297 48.4
298 48.4
299 48.4
300 48.3
301 48.3
302 48.3
303 48.3
304 48.3
305 48.3
306 48.3
307 48.3
308 48.3
309 48.3
310 48.3
311 48.3
312 48.3
313 48.3
314 48.3
315 48.3
316 48.3
317 48.3
318 48.3
319 48.3
320 48.3
321 48.3
322 48.3
323 48.3
324 49.0
325 49.0
326 49.0
327 49.1
328 49.1
329 48.3
330 48.4
331 48.4
332 48.4
333 48.4
334 48.4
335 48.4
336 48.4
337 48.4
338 48.3
339 48.3
340 48.4
341 48.3
342 48.3
343 48.4
344 48.3
345 48.3
346 48.4
347 48.3
348 48.3
349 48.4
350 48.3
351 48.3
352 48.3
353 48.3
354 48.3
355 48.3
356 48.3
357 48.3
358 48.3
359 48.3
360 48.3
361 48.3
362 48.3
363 48.3
364 48.3
365 48.3
366 49.1
367 49.1
368 49.8
369 49.8
370 49.8
371 49.8
372 49.6
373 49.6
