0 49.0
1 48.9
2 48.9
3 48.9
4 48.9
5 48.9
6 48.8
7 48.7
8 48.7
9 48.8
10 49.2
11 49.4
12 49.3
13 49.2
14 49.1
15 49.1
16 49.0
17 49.0
18 48.9
19 48.8
20 48.8
21 48.6
22 48.5
23 49.1
24 49.2
25 49.2
26 49.2
27 49.3
28 48.6
29 48.6
30 48.6
31 48.6
32 48.6
33 48.6
34 48.6
35 48.6
36 48.5
37 48.6
38 48.6
39 48.6
40 48.4
41 48.5
42 48.5
43 48.4
44 48.4
45 48.4
46 48.4
47 48.4
48 48.4
49 48.4
50 48.3
51 48.3
52 48.4
53 48.3
54 48.3
55 48.3
56 48.5
57 48.5
58 48.5
59 48.4
60 48.4
61 48.4
62 48.3
63 48.3
64 48.3
65 48.3
66 48.3
67 48.3
68 48.3
69 48.3
70 48.3
71 48.3
72 48.3
73 48.9
74 49.0
75 49.0
76 49.0
77 49.0
78 48.4
79 48.4
80 48.4
81 48.4
82 48.3
83 48.4
84 48.4
85 48.3
86 48.3
87 48.3
88 48.3
89 48.3
90 48.3
91 48.3
92 48.3
93 48.3
94 48.3
95 48.3
96 48.3
97 48.3
98 48.3
99 48.3
100 48.3
101 48.3
102 48.3
103 48.3
104 48.3
105 48.3
106 48.3
107 48.3
108 48.3
109 48.3
110 48.4
111 48.4
112 48.4
113 48.3
114 48.3
115 48.3
116 48.3
117 48.3
118 48.3
119 48.2
120 48.3
121 48.3
122 48.9
123 48.9
124 48.9
125 48.9
126 48.9
127 48.3
128 48.2
129 48.3
130 48.2
131 48.2
132 48.2
133 48.2
134 48.2
135 48.2
136 48.2
137 48.2
138 48.2
139 48.2
140 48.2
141 48.2
142 48.2
143 48.2
144 48.4
145 48.4
146 48.4
147 48.4
148 48.4
149 48.4
150 48.3
151 48.4
152 48.4
153 48.4
154 48.4
155 48.3
156 48.3
157 48.3
158 48.3
159 48.3
160 48.3
161 48.3
162 48.3
163 48.3
164 48.3
165 48.3
166 48.3
167 48.3
168 48.2
169 48.3
170 48.3
171 48.3
172 49.0
173 49.0
174 49.0
175 49.0
176 49.0
177 48.4
178 48.4
179 48.4
180 48.4
181 48.4
182 48.4
183 48.4
184 48.3
185 48.3
186 48.3
187 48.3
188 48.3
189 48.3
190 48.3
191 48.3
192 48.3
193 48.3
194 48.3
195 48.5
196 48.4
197 48.6
198 48.8
199 47.6
200 47.6
201 47.6
202 47.6
203 47.6
204 47.6
205 47.6
206 47.6
207 47.6
208 47.6
209 47.6
210 47.6
211 47.7
212 47.7
213 47.7
214 47.7
215 47.7
216 47.7
217 47.7
218 47.7
219 47.7
220 47.7
221 47.9
222 48.4
223 48.4
224 48.5
225 48.5
226 47.8
227 47.8
228 47.8
229 47.8
230 47.8
231 47.8
232 47.8
233 47.8
234 47.8
235 47.8
236 47.8
237 47.8
238 47.8
239 47.8
240 47.7
241 47.7
242 47.7
243 47.7
244 47.7
245 47.7
246 47.7
247 47.7
248 47.7
249 47.7
250 47.7
251 47.7
252 47.7
253 47.7
254 47.7
255 47.7
256 47.7
257 47.7
258 47.7
259 47.7
260 47.7
261 47.7
262 47.7
263 47.7
264 47.7
265 47.7
266 47.7
267 47.7
268 47.7
269 47.7
270 47.7
271 48.4
272 48.5
273 48.5
274 48.5
275 48.5
276 47.8
277 47.8
278 47.8
279 47.7
280 47.8
281 47.8
282 47.8
283 47.7
284 47.7
285 47.7
286 47.7
287 47.6
288 47.7
289 47.7
290 47.7
291 47.7
292 47.7
293 47.7
294 47.7
295 47.7
296 47.7
297 47.7
298 47.7
299 47.7
300 47.7
301 47.7
302 47.7
303 47.7
304 47.7
305 47.7
306 47.7
307 47.7
308 47.7
309 47.7
310 47.7
311 47.7
312 47.7
313 47.7
314 47.7
315 47.7
316 47.7
317 47.7
318 47.7
319 47.7
320 48.3
321 48.3
322 48.3
323 48.4
324 48.3
325 47.8
326 47.8
327 47.7
328 47.8
329 47.8
330 47.7
331 47.7
332 47.7
333 47.7
334 47.7
335 47.7
336 47.7
337 47.7
338 47.7
339 47.7
340 47.7
341 47.7
342 47.7
343 47.7
344 47.7
345 47.7
346 47.7
347 47.7
348 47.7
349 47.7
350 47.7
351 47.7
352 47.7
353 47.7
354 47.7
355 47.7
356 47.7
357 47.7
358 47.6
359 47.7
360 47.7
361 47.7
362 47.7
363 47.7
364 47.7
365 47.7
366 47.7
367 47.7
368 47.7
369 48.4
370 49.3
371 49.8
372 49.9
373 49.8
374 49.1
375 49.2
376 49.2
