0 50.8
1 50.7
2 50.7
3 50.5
4 50.4
5 50.3
6 50.3
7 50.3
8 50.3
9 50.2
10 50.3
11 50.3
12 50.3
13 50.4
14 50.5
15 50.5
16 50.4
17 50.5
18 49.9
19 49.9
20 49.9
21 49.9
22 49.8
23 49.8
24 49.7
25 49.6
26 49.6
27 49.5
28 49.4
29 49.4
30 49.4
31 49.4
32 49.4
33 49.4
34 49.4
35 49.3
36 49.3
37 49.3
38 49.3
39 49.3
40 49.3
41 49.3
42 49.2
43 49.2
44 49.3
45 49.3
46 49.3
47 49.3
48 49.4
49 49.4
50 49.4
51 49.4
52 49.4
53 49.5
54 49.5
55 49.5
56 49.5
57 49.4
58 49.5
59 49.5
60 49.2
61 49.3
62 49.5
63 49.4
64 49.4
65 49.3
66 49.2
67 49.3
68 49.2
69 49.2
70 49.2
71 49.2
72 49.2
73 49.2
74 49.4
75 49.5
76 49.5
77 49.5
78 49.6
79 49.5
80 49.5
81 49.5
82 49.5
83 49.4
84 49.4
85 49.4
86 49.4
87 49.4
88 49.4
89 49.4
90 49.4
91 49.4
92 49.4
93 49.4
94 49.4
95 49.4
96 49.4
97 49.4
98 49.3
99 49.3
100 49.4
101 49.4
102 49.4
103 49.4
104 49.3
105 49.3
106 49.3
107 49.4
108 49.4
109 49.4
110 49.4
111 49.3
112 49.3
113 49.3
114 49.3
115 49.3
116 49.2
117 49.3
118 49.3
119 49.2
120 49.3
121 49.3
122 49.2
123 49.3
124 49.3
125 49.2
126 49.6
127 49.6
128 49.6
129 49.5
130 49.6
131 49.3
132 49.3
133 49.3
134 49.2
135 49.2
136 49.3
137 49.2
138 49.2
139 49.2
140 49.2
141 49.2
142 49.2
143 49.2
144 49.2
145 49.2
146 49.2
147 49.2
148 49.1
149 49.2
150 49.2
151 49.2
152 49.1
153 49.1
154 49.2
155 49.1
156 49.2
157 49.2
158 49.1
159 49.1
160 49.2
161 49.1
162 49.2
163 49.2
164 49.1
165 49.1
166 49.1
167 49.2
168 49.2
169 49.1
170 49.1
171 49.2
172 49.2
173 49.1
174 49.2
175 49.2
176 49.1
177 49.4
178 49.4
179 49.7
180 49.7
181 49.7
182 49.5
183 49.4
184 49.4
185 49.4
186 49.4
187 49.4
188 49.4
189 49.4
190 49.4
191 49.4
192 49.4
193 49.3
194 49.3
195 49.2
196 49.2
197 49.2
198 49.2
199 49.2
200 49.2
201 49.2
202 49.1
203 49.1
204 49.1
205 49.3
206 49.2
207 49.2
208 49.2
209 49.2
210 49.2
211 49.2
212 49.2
213 49.1
214 49.2
215 49.2
216 49.2
217 49.1
218 49.2
219 49.2
220 49.2
221 49.2
222 49.1
223 49.2
224 49.2
225 49.5
226 49.3
227 48.3
228 48.3
229 48.5
230 48.5
231 48.6
232 48.6
233 48.6
234 48.4
235 48.4
236 48.4
237 48.4
238 48.3
239 48.4
240 48.4
241 48.3
242 48.3
243 48.4
244 48.3
245 48.3
246 48.3
247 48.3
248 48.3
249 48.3
250 48.3
251 48.3
252 48.3
253 48.3
254 48.3
255 48.3
256 48.3
257 48.3
258 48.3
259 48.3
260 48.3
261 48.3
262 48.2
263 48.3
264 48.3
265 48.3
266 48.3
267 48.3
268 48.3
269 48.3
270 48.3
271 48.3
272 48.3
273 48.3
274 48.3
275 48.3
276 48.3
277 48.3
278 48.3
279 48.3
280 48.3
281 48.6
282 48.6
283 48.6
284 48.6
285 48.6
286 48.4
287 48.4
288 48.4
289 48.4
290 48.4
291 48.4
292 48.3
293 48.4
294 48.3
295 48.3
296 48.3
297 48.3
298 48.3
299 48.3
300 48.3
301 48.3
302 48.3
303 48.3
304 48.3
305 48.3
306 48.3
307 48.2
308 48.3
309 48.3
310 48.3
311 48.3
312 48.3
313 48.3
314 48.3
315 48.3
316 48.3
317 48.3
318 48.3
319 48.3
320 48.3
321 48.3
322 48.3
323 48.2
324 48.3
325 48.3
326 48.3
327 48.3
328 48.3
329 48.3
330 48.3
331 48.3
332 48.5
333 48.6
334 48.5
335 48.5
336 48.5
337 48.4
338 48.4
339 48.3
340 48.3
341 48.3
342 48.3
343 48.3
344 48.3
345 48.3
346 48.3
347 48.3
348 48.3
349 48.3
350 48.3
351 48.3
352 48.3
353 48.3
354 48.3
355 48.3
356 48.3
357 48.3
358 48.3
359 48.3
360 48.3
361 48.3
362 48.3
363 48.3
364 48.3
365 48.3
366 48.3
367 48.3
368 48.3
369 48.3
370 48.3
371 48.3
372 48.3
373 49.0
374 48.7
375 48.7
376 48.7
377 48.6
378 48.7
379 48.7
380 48.6
381 48.6
382 48.5
383 48.5
384 48.5
385 48.5
386 48.6
387 48.6
388 48.6
389 48.5
390 48.4
391 48.4
392 48.5
393 48.5
394 48.4
395 48.5
396 48.4
397 48.5
398 48.4
399 48.4
400 48.5
401 48.4
402 48.4
403 48.4
404 48.4
405 48.4
406 48.4
407 48.4
408 48.4
409 48.4
410 48.4
411 48.4
412 48.4
413 48.3
414 48.4
415 48.4
416 48.4
417 48.4
418 48.4
419 48.4
420 48.4
421 48.3
422 48.4
423 48.4
424 48.3
425 48.3
426 48.4
427 48.3
428 48.3
429 48.3
430 48.3
431 48.3
432 48.3
433 48.3
434 48.3
435 48.3
436 48.4
437 48.6
438 48.6
439 48.6
440 48.4
441 48.4
442 48.4
443 48.4
444 48.4
445 48.4
446 48.6
447 49.2
448 49.3
449 49.9
450 49.8
