0 54.3
1 54.0
2 54.0
3 53.8
4 53.7
5 53.8
6 54.2
7 54.1
8 53.9
9 53.8
10 53.7
11 53.9
12 53.9
13 53.9
14 53.8
15 52.9
16 52.7
17 52.7
18 52.7
19 52.1
20 52.1
21 52.1
22 52.1
23 52.1
24 52.1
25 52.1
26 52.1
27 52.1
28 52.1
29 52.1
30 52.1
31 52.0
32 52.0
33 52.0
34 52.0
35 52.0
36 52.0
37 52.0
38 52.0
39 52.0
40 52.0
41 52.0
42 52.0
43 52.0
44 52.0
45 52.0
46 52.0
47 52.0
48 52.0
49 52.0
50 51.9
51 51.9
52 51.9
53 51.9
54 51.9
55 51.9
56 51.9
57 51.9
58 51.9
59 51.9
60 52.6
61 52.6
62 52.6
63 52.6
64 52.6
65 52.0
66 52.0
67 52.0
68 52.0
69 52.0
70 52.0
71 52.0
72 51.9
73 51.9
74 51.9
75 51.9
76 51.9
77 51.9
78 51.9
79 51.9
80 51.9
81 51.9
82 51.9
83 51.9
84 51.9
85 51.9
86 51.9
87 51.9
88 51.9
89 51.8
90 51.8
91 51.9
92 51.8
93 51.8
94 51.8
95 51.8
96 51.8
97 51.8
98 51.8
99 51.8
100 51.8
101 51.8
102 51.8
103 51.8
104 51.8
105 51.8
106 51.8
107 51.9
108 51.9
109 52.1
110 52.5
111 52.5
112 52.5
113 52.5
114 51.8
115 51.9
116 51.9
117 51.9
118 51.9
119 51.9
120 51.9
121 52.0
122 52.0
123 51.9
124 51.9
125 51.9
126 51.9
127 51.9
128 51.9
129 51.9
130 51.9
131 51.9
132 51.9
133 51.9
134 51.9
135 51.9
136 51.9
137 51.9
138 51.9
139 51.9
140 51.9
141 51.9
142 51.9
143 51.8
144 51.9
145 51.9
146 51.9
147 51.8
148 51.9
149 51.8
150 51.8
151 51.8
152 51.8
153 51.8
154 51.8
155 51.8
156 51.8
157 51.8
158 51.8
159 52.5
160 52.6
161 52.6
162 52.6
163 52.6
164 51.9
165 51.9
166 51.9
167 51.9
168 51.9
169 51.9
170 51.9
171 51.9
172 52.1
173 52.2
174 52.2
175 52.1
176 52.2
177 52.1
178 52.1
179 52.1
180 52.1
181 52.1
182 52.1
183 52.1
184 52.1
185 52.1
186 52.1
187 52.1
188 52.2
189 52.2
190 52.2
191 52.2
192 52.2
193 52.3
194 52.3
195 52.3
196 52.2
197 52.2
198 52.2
199 52.2
200 52.2
201 52.2
202 52.2
203 52.2
204 52.1
205 52.2
206 52.2
207 52.2
208 52.8
209 52.8
210 52.9
211 52.9
212 52.8
213 52.1
214 52.1
215 52.1
216 52.1
217 52.1
218 52.1
219 52.1
220 52.1
221 52.1
222 52.1
223 52.1
224 52.1
225 52.1
226 52.1
227 52.1
228 52.1
229 52.1
230 52.1
231 52.1
232 51.7
233 50.5
234 50.5
235 50.4
236 50.5
237 50.5
238 50.5
239 50.5
240 50.5
241 50.5
242 50.5
243 50.5
244 50.5
245 50.5
246 50.5
247 50.5
248 50.5
249 50.5
250 50.5
251 50.5
252 50.5
253 50.5
254 50.5
255 50.5
256 50.5
257 50.5
258 51.3
259 51.3
260 51.4
261 51.4
262 51.4
263 50.7
264 50.7
265 50.7
266 50.7
267 50.7
268 50.7
269 50.7
270 50.6
271 50.6
272 50.6
273 50.6
274 50.6
275 50.6
276 50.6
277 50.6
278 50.6
279 50.6
280 50.6
281 50.6
282 50.6
283 50.6
284 50.6
285 50.6
286 50.6
287 50.6
288 50.6
289 50.6
290 49.6
291 49.6
292 49.7
293 49.7
294 49.7
295 49.7
296 49.7
297 49.7
298 49.7
299 49.7
300 49.7
301 49.7
302 49.7
303 49.7
304 49.7
305 49.7
306 49.6
307 50.4
308 50.4
309 50.4
310 50.4
311 50.4
312 49.8
313 49.8
314 49.8
315 49.8
316 49.7
317 49.7
318 49.7
319 49.7
320 49.7
321 49.7
322 49.7
323 49.7
324 49.7
325 49.7
326 49.7
327 49.7
328 49.7
329 49.7
330 49.7
331 49.7
332 49.7
333 49.9
334 49.9
335 49.9
336 49.9
337 49.9
338 49.8
339 49.8
340 50.0
341 50.0
342 49.9
343 49.8
344 49.8
345 49.7
346 49.7
347 49.7
348 49.7
349 49.7
350 49.7
351 49.7
352 49.7
353 49.7
354 49.7
355 49.7
356 49.7
357 50.4
358 50.4
359 50.4
360 50.4
361 50.4
362 49.8
363 49.8
364 49.8
365 49.8
366 50.7
367 50.5
368 51.2
369 51.4
370 51.4
371 51.4
372 51.3
