0 51.8
1 51.8
2 50.8
3 50.8
4 51.9
5 52.4
6 52.6
7 52.6
8 52.8
9 53.8
10 53.9
11 54.2
12 55.3
13 55.4
14 55.4
15 55.3
16 55.3
17 54.5
18 53.9
19 53.6
20 53.5
21 53.5
22 53.5
23 53.4
24 53.4
25 53.4
26 53.4
27 53.4
28 53.4
29 53.4
30 53.4
31 53.4
32 53.4
33 53.4
34 53.4
35 53.4
36 53.4
37 53.3
38 53.3
39 53.3
40 53.3
41 53.4
42 53.3
43 53.3
44 53.3
45 53.3
46 53.3
47 53.3
48 53.3
49 53.3
50 53.3
51 53.3
52 53.3
53 53.3
54 53.3
55 53.5
56 53.5
57 53.5
58 53.4
59 53.4
60 53.4
61 53.3
62 54.0
63 53.9
64 54.0
65 54.0
66 54.0
67 53.3
68 53.3
69 53.3
70 53.3
71 53.3
72 53.3
73 53.3
74 53.2
75 53.2
76 53.2
77 53.2
78 53.2
79 53.2
80 53.2
81 53.2
82 53.2
83 53.2
84 53.2
85 53.2
86 53.2
87 53.2
88 53.2
89 53.2
90 53.2
91 53.2
92 53.2
93 53.2
94 53.2
95 53.2
96 53.2
97 53.2
98 53.2
99 53.2
100 53.1
101 53.2
102 53.2
103 53.2
104 53.2
105 53.2
106 53.2
107 53.1
108 53.2
109 53.2
110 53.1
111 53.8
112 53.8
113 53.8
114 53.8
115 53.8
116 53.1
117 53.1
118 53.1
119 53.1
120 53.1
121 53.2
122 53.2
123 53.2
124 53.1
125 53.2
126 53.2
127 53.2
128 53.1
129 53.1
130 53.1
131 53.1
132 53.1
133 53.1
134 53.1
135 53.1
136 53.1
137 53.1
138 53.1
139 53.1
140 53.1
141 53.1
142 53.1
143 53.1
144 53.1
145 53.1
146 53.1
147 53.1
148 53.1
149 53.1
150 53.1
151 53.1
152 53.0
153 53.1
154 53.1
155 53.0
156 53.1
157 53.1
158 53.0
159 53.1
160 53.1
161 53.8
162 53.8
163 53.8
164 53.8
165 53.8
166 53.1
167 53.1
168 53.1
169 53.1
170 53.1
171 53.1
172 53.4
173 53.4
174 53.3
175 53.3
176 53.3
177 53.2
178 53.3
179 53.3
180 53.3
181 53.3
182 53.3
183 53.3
184 53.2
185 53.2
186 53.2
187 53.3
188 53.2
189 53.2
190 53.2
191 53.2
192 53.4
193 53.3
194 53.3
195 53.3
196 53.3
197 53.3
198 53.3
199 53.3
200 53.3
201 53.3
202 53.3
203 53.3
204 53.3
205 53.3
206 53.3
207 53.3
208 53.3
209 53.3
210 54.0
211 54.1
212 54.1
213 54.1
214 54.1
215 53.4
216 53.4
217 53.4
218 53.4
219 53.3
220 53.3
221 53.3
222 53.3
223 53.3
224 53.3
225 53.3
226 53.3
227 53.3
228 53.3
229 53.3
230 53.3
231 53.3
232 53.2
233 53.3
234 53.1
235 53.1
236 53.1
237 53.1
238 53.1
239 53.0
240 53.0
241 53.0
242 53.0
243 53.0
244 53.0
245 51.9
246 51.9
247 51.9
248 51.9
249 51.9
250 51.9
251 51.9
252 51.9
253 51.9
254 51.9
255 51.9
256 51.9
257 51.9
258 51.9
259 51.9
260 52.6
261 52.7
262 52.6
263 52.6
264 52.6
265 51.9
266 51.9
267 51.9
268 51.9
269 51.9
270 51.9
271 51.9
272 51.8
273 51.8
274 51.8
275 51.8
276 51.8
277 51.8
278 51.7
279 51.8
280 51.8
281 51.8
282 51.8
283 51.8
284 51.7
285 51.7
286 51.8
287 51.7
288 51.8
289 51.8
290 51.8
291 51.8
292 51.8
293 51.8
294 51.8
295 51.8
296 51.8
297 51.8
298 51.8
299 51.8
300 51.8
301 51.8
302 51.8
303 51.7
304 51.8
305 51.8
306 51.8
307 51.8
308 51.8
309 52.4
310 52.5
311 52.5
312 52.5
313 52.5
314 51.8
315 51.8
316 51.8
317 51.8
318 51.8
319 51.8
320 51.8
321 51.8
322 51.8
323 51.8
324 51.8
325 51.8
326 51.7
327 51.8
328 51.8
329 51.8
330 51.8
331 51.8
332 51.7
333 51.8
334 51.7
335 51.7
336 51.8
337 51.7
338 51.8
339 51.7
340 51.7
341 51.7
342 51.7
343 51.7
344 51.7
345 51.7
346 51.7
347 51.7
348 51.7
349 51.7
350 51.7
351 51.7
352 51.7
353 51.7
354 51.7
355 51.7
356 51.7
357 51.7
358 51.7
359 53.4
360 53.5
361 54.0
362 54.0
363 54.2
364 53.5
