0 49.9
1 49.9
2 49.9
3 49.8
4 49.7
5 49.7
6 49.7
7 49.6
8 50.0
9 50.1
10 50.0
11 49.9
12 49.8
13 49.7
14 49.7
15 49.7
16 49.7
17 49.5
18 49.5
19 49.5
20 49.2
21 49.9
22 49.9
23 49.8
24 49.9
25 49.2
26 49.3
27 49.3
28 49.3
29 49.3
30 49.3
31 49.3
32 49.3
33 49.2
34 49.2
35 49.2
36 49.1
37 49.2
38 49.2
39 49.1
40 49.1
41 49.1
42 49.1
43 49.1
44 49.1
45 49.1
46 49.1
47 49.1
48 49.0
49 49.1
50 49.0
51 49.0
52 49.0
53 49.0
54 49.2
55 49.2
56 49.2
57 49.0
58 49.0
59 49.0
60 49.0
61 49.0
62 49.0
63 49.0
64 49.0
65 49.0
66 49.0
67 49.0
68 49.0
69 49.0
70 49.6
71 49.6
72 49.6
73 49.6
74 49.7
75 49.1
76 49.1
77 49.0
78 49.1
79 49.0
80 49.0
81 49.1
82 49.0
83 49.0
84 49.0
85 49.0
86 49.0
87 49.0
88 49.0
89 49.0
90 49.0
91 49.0
92 49.0
93 49.0
94 49.0
95 49.0
96 49.0
97 49.0
98 49.0
99 49.0
100 49.0
101 49.0
102 49.0
103 49.0
104 49.0
105 49.0
106 49.0
107 49.1
108 49.1
109 49.1
110 49.0
111 49.0
112 49.0
113 49.0
114 49.0
115 49.0
116 49.0
117 49.0
118 48.9
119 49.7
120 49.7
121 49.7
122 49.8
123 49.8
124 49.0
125 49.1
126 49.1
127 49.0
128 49.1
129 49.1
130 49.0
131 49.0
132 49.0
133 49.0
134 49.0
135 49.0
136 49.0
137 49.0
138 49.0
139 49.0
140 49.0
141 49.0
142 49.0
143 49.2
144 49.2
145 49.2
146 49.2
147 49.2
148 49.2
149 49.2
150 49.2
151 49.1
152 49.2
153 49.2
154 49.2
155 49.2
156 49.2
157 49.2
158 49.1
159 49.1
160 49.1
161 49.1
162 49.1
163 49.1
164 49.1
165 49.1
166 49.1
167 49.1
168 49.1
169 49.8
170 49.9
171 49.9
172 49.9
173 49.9
174 49.2
175 49.2
176 49.2
177 49.2
178 49.2
179 49.2
180 49.1
181 49.1
182 49.1
183 49.1
184 49.1
185 49.1
186 49.1
187 49.1
188 49.1
189 49.1
190 49.1
191 49.1
192 49.3
193 49.3
194 49.2
195 49.2
196 49.2
197 49.2
198 49.2
199 49.2
200 49.2
201 49.2
202 49.2
203 49.2
204 49.2
205 49.2
206 49.2
207 49.1
208 49.1
209 49.1
210 49.1
211 49.1
212 49.1
213 49.1
214 49.1
215 49.1
216 49.1
217 49.1
218 49.8
219 49.7
220 49.8
221 49.8
222 49.8
223 49.1
224 49.2
225 49.2
226 49.1
227 49.1
228 49.1
229 49.1
230 49.1
231 49.1
232 49.1
233 49.1
234 49.1
235 49.1
236 49.1
237 49.0
238 49.0
239 49.0
240 49.0
241 49.0
242 49.0
243 49.0
244 49.0
245 49.0
246 49.0
247 49.0
248 49.0
249 49.0
250 49.0
251 49.0
252 49.0
253 49.0
254 49.0
255 49.0
256 49.0
257 49.0
258 49.0
259 49.0
260 49.0
261 49.0
262 49.0
263 49.0
264 49.0
265 49.0
266 49.0
267 49.0
268 49.7
269 49.8
270 49.8
271 49.7
272 49.0
273 49.1
274 49.1
275 49.1
276 49.1
277 49.1
278 49.1
279 49.1
280 49.0
281 49.0
282 49.0
283 49.0
284 49.0
285 49.0
286 49.0
287 49.0
288 49.0
289 49.0
290 49.0
291 49.0
292 49.0
293 49.0
294 49.0
295 49.0
296 49.0
297 49.0
298 49.0
299 49.0
300 49.0
301 49.0
302 49.0
303 49.0
304 49.0
305 49.0
306 49.0
307 49.0
308 49.0
309 49.0
310 49.0
311 49.0
312 49.0
313 49.0
314 49.0
315 49.0
316 49.0
317 49.7
318 49.7
319 49.7
320 49.7
321 49.8
322 49.1
323 49.1
324 49.1
325 49.1
326 49.1
327 49.1
328 49.1
329 49.1
330 49.0
331 49.0
332 49.0
333 49.0
334 49.0
335 49.0
336 49.0
337 49.0
338 49.0
339 49.0
340 49.0
341 49.0
342 49.0
343 49.0
344 49.9
345 49.1
346 49.3
347 49.3
348 49.3
349 49.1
350 49.5
351 49.5
352 49.5
353 49.6
354 49.5
355 49.5
356 49.4
357 49.4
358 49.4
359 49.3
360 49.3
361 49.3
362 49.3
363 49.2
364 49.2
365 49.2
366 49.2
367 49.8
368 49.8
369 49.9
370 49.9
371 49.9
372 49.2
373 49.3
374 50.1
375 50.0
376 50.8
377 50.8
378 50.8
379 50.6
